Frequencia(GHZ) Atenuacao(dB)
 8.000000000000000    -0.770197473828551
 8.500000000000000    -0.954605784392725
 9.000000000000000    -1.189730366412467
 9.500000000000000    -1.494535894476069
10.000000000000000    -1.897316217118505
10.500000000000000    -2.441115674032450
11.000000000000000    -3.193984214650522
11.500000000000000    -4.267240685741925
12.000000000000000    -5.855516323237316
12.500000000000000    -8.340434582111968
13.000000000000000   -12.681361317067694
13.500000000000000   -23.689307345835520
14.000000000000000   -19.013524069958219
14.500000000000000   -11.161448987800750
15.000000000000000    -7.490728285932793
15.500000000000000    -5.303396078491473
16.000000000000000    -3.882552268714495
16.500000000000000    -2.914672621889406
17.000000000000000    -2.233184635987273
17.500000000000000    -1.739872581273804
18.000000000000000    -1.374874869347874
