Frequencia(GHZ) Atenuacao(dB)
15.000000000000000    -1.899961779454967
15.500000000000000    -2.164481902742090
16.000000000000000    -2.471079554073166
16.500000000000000    -2.828139701138027
17.000000000000000    -3.246240760133455
17.500000000000000    -3.738702241262515
18.000000000000000    -4.322644237897662
18.500000000000000    -5.020311562081488
19.000000000000000    -5.861666823052295
19.500000000000000    -6.888337162914752
20.000000000000000    -8.161306386413722
20.500000000000000    -9.776661981618741
21.000000000000000   -11.902011567562225
21.500000000000000   -14.880422279640459
22.000000000000000   -19.628245979745952
22.500000000000000   -30.670710057220194
23.000000000000000   -25.465633836800848
23.500000000000000   -17.819572863809160
24.000000000000000   -13.886705142108010
24.500000000000000   -11.291171962432907
25.000000000000000    -9.398147370922654
25.500000000000000    -7.942658879641660
26.000000000000000    -6.787086168913533
26.500000000000000    -5.849482270452452
27.000000000000000    -5.077075617977455
27.500000000000000    -4.433303762576977
28.000000000000000    -3.891342782345090
28.500000000000000    -3.431583883619787
29.000000000000000    -3.038778309567634
29.500000000000000    -2.700961905220667
30.000000000000000    -2.408825796706830
