Frequencia(GHZ) Atenuacao(dB)
 8.000000000000000    -5.514176847197317
 8.500000000000000    -6.904563852242120
 9.000000000000000    -8.748569094867239
 9.500000000000000   -11.328027098397595
10.000000000000000   -15.329675621649031
10.500000000000000   -23.513065870664839
11.000000000000000   -27.204301269054838
11.500000000000000   -16.464831312603920
12.000000000000000   -11.862130041734892
12.500000000000000    -8.988239436981599
13.000000000000000    -6.965788820658773
13.500000000000000    -5.460669045677783
14.000000000000000    -4.306091052392890
14.500000000000000    -3.404181414609098
15.000000000000000    -2.691832837297479
15.500000000000000    -2.125070662792659
16.000000000000000    -1.672213676509383
16.500000000000000    -1.309645822236482
17.000000000000000    -1.019358189115846
17.500000000000000    -0.787624118762844
18.000000000000000    -0.603735977562843
