Frequencia(GHZ) Atenuacao(dB)
 5.000000000000000    -4.514295312682637
 5.500000000000000    -5.214278335558753
 6.000000000000000    -5.938509535954808
 6.500000000000000    -6.689785795580492
 7.000000000000000    -7.473154456431625
 7.500000000000000    -8.296131813483909
 8.000000000000000    -9.169297647768934
 8.500000000000000   -10.107065464544714
 9.000000000000000   -11.129910280579137
 9.500000000000000   -12.266745366662960
10.000000000000000   -13.560903152250596
10.500000000000000   -15.079479785925722
11.000000000000000   -16.941259516390542
11.500000000000000   -19.366621730215396
12.000000000000000   -22.871695592645228
12.500000000000000   -29.219836763654616
13.000000000000000   -44.203791399380755
13.500000000000000   -26.422627569008331
14.000000000000000   -20.534469499192578
14.500000000000000   -16.743962364317078
15.000000000000000   -13.818307933245528
15.500000000000000   -11.335562046936268
16.000000000000000    -9.085420776664078
16.500000000000000    -6.913694857206511
17.000000000000000    -4.578176145994950
17.500000000000000   -10.097969332240590
18.000000000000000    -3.423692658197661
18.500000000000000    -1.530757108400935
19.000000000000000    -0.532522660180091
19.500000000000000    -0.354567241361012
20.000000000000000    -1.687373833988961
