Frequencia(GHZ) Atenuacao(dB)
 8.000000000000000    -7.259728541035279
 8.500000000000000    -8.282936117314156
 9.000000000000000    -9.447637377544055
 9.500000000000000   -10.800876751064855
10.000000000000000   -12.417889145743567
10.500000000000000   -14.429745712932730
11.000000000000000   -17.095112548009620
11.500000000000000   -21.044701095988195
12.000000000000000   -28.745849720442983
12.500000000000000   -35.353515117479724
13.000000000000000   -22.840446863951293
13.500000000000000   -17.782761053154903
14.000000000000000   -14.506445716978421
14.500000000000000   -12.047325893084103
15.000000000000000   -10.057851443149019
15.500000000000000    -8.373972358791527
16.000000000000000    -6.906891562085488
16.500000000000000    -5.604987512306078
17.000000000000000    -4.438428389314189
17.500000000000000    -3.391735377194363
18.000000000000000    -2.460270247954724
