Frequencia(GHZ) Atenuacao(dB)
 5.000000000000000    -0.279872865263615
 5.500000000000000    -0.361624583949236
 6.000000000000000    -0.465715356057189
 6.500000000000000    -0.600512082308514
 7.000000000000000    -0.778901227901875
 7.500000000000000    -1.021390492835059
 8.000000000000000    -1.362246093789997
 8.500000000000000    -1.861514862120442
 9.000000000000000    -2.631294610373741
 9.500000000000000    -3.897517036473632
10.000000000000000    -6.173832094121452
10.500000000000000   -10.967227927011475
11.000000000000000   -33.624902822517370
11.500000000000000   -11.530467347357122
12.000000000000000    -5.896813440476721
12.500000000000000    -3.312896874608654
13.000000000000000    -1.943504519210389
13.500000000000000    -1.153603095154998
14.000000000000000    -0.662159767302653
14.500000000000000    -0.315248625921458
15.000000000000000    -5.162195046466356
