Frequencia(GHZ) Atenuacao(dB)
 5.000000000000000    -5.968994956182774
 5.250000000000000    -6.381779297114183
 5.500000000000000    -6.799445456976981
 5.750000000000000    -7.222756243571645
 6.000000000000000    -7.652616571914810
 6.250000000000000    -8.090193630877117
 6.500000000000000    -8.536824415884144
 6.750000000000000    -8.994133854368355
 7.000000000000000    -9.464031168962141
 7.250000000000000    -9.948679604902615
 7.500000000000000   -10.450789231957497
 7.750000000000000   -10.973461707862167
 8.000000000000000   -11.520395537743445
 8.250000000000000   -12.096202962730223
 8.500000000000000   -12.706432566387658
 8.750000000000000   -13.358004951183702
 9.000000000000000   -14.059715500198056
 9.250000000000000   -14.822578684586750
 9.500000000000000   -15.662305192355886
 9.750000000000000   -16.598454191673472
10.000000000000000   -17.659954409514189
10.250000000000000   -18.888494977415906
10.500000000000000   -20.348892988941635
10.750000000000000   -22.150677781688614
11.000000000000000   -24.496854633866519
11.250000000000000   -27.839822852952718
11.500000000000000   -33.561320742519193
11.750000000000000   -46.050964647549598
12.000000000000000   -32.923178057296546
12.250000000000000   -26.898629065040467
12.500000000000000   -23.177250076233353
12.750000000000000   -20.427625876194892
13.000000000000000   -18.205105738690740
13.250000000000000   -16.308217313144723
13.500000000000000   -14.625805675501889
13.750000000000000   -13.090370226895299
14.000000000000000   -11.655763276798966
14.250000000000000   -10.286773877050861
14.500000000000000    -8.953830371715087
14.750000000000000    -7.625614969361603
15.000000000000000    -6.261650313368250