Frequencia(GHZ) Atenuacao(dB)
10.000000000000000    -0.777886416636968
10.500000000000000    -1.012517897295278
11.000000000000000    -1.341774077260160
11.500000000000000    -1.818130957496154
12.000000000000000    -2.531439785947781
12.500000000000000    -3.644649885411357
13.000000000000000    -5.472082155719818
13.500000000000000    -8.711258948234015
14.000000000000000   -15.696957220310265
14.500000000000000   -24.844225117649852
15.000000000000000   -11.561631444840165
15.500000000000000    -7.173299051162415
16.000000000000000    -4.856741693387903
16.500000000000000    -3.472142390961163
17.000000000000000    -2.586301255238212
17.500000000000000    -1.990240140491596
18.000000000000000    -1.573144216582578
18.500000000000000    -1.270954984516081
19.000000000000000    -1.045776455774166
19.500000000000000    -0.873682873008046
20.000000000000000    -0.739349096227455
