Frequencia(GHZ) Atenuacao(dB)
 5.000000000000000    -5.339237245980573
 5.500000000000000    -6.390102470564702
 6.000000000000000    -7.576193728354314
 6.500000000000000    -8.939935431153703
 7.000000000000000   -10.550820006905585
 7.500000000000000   -12.529999413934087
 8.000000000000000   -15.113629069401549
 8.500000000000000   -18.861009621790334
 9.000000000000000   -25.772529931097310
 9.500000000000000   -37.196440451847891
10.000000000000000   -21.991767733497117
10.500000000000000   -16.581608294561903
11.000000000000000   -13.154111968374943
11.500000000000000   -10.607704573610969
12.000000000000000    -8.563560072838653
12.500000000000000    -6.850454853859320
13.000000000000000    -5.381104652768237
13.500000000000000    -4.110352106581131
14.000000000000000    -3.017026471205762
14.500000000000000    -2.094971009936718
15.000000000000000    -1.346939043499893
