Frequencia(GHZ) Atenuacao(dB)
10.000000000000000    -1.816299222786879
10.500000000000000    -2.101307432130515
11.000000000000000    -2.432839944322134
11.500000000000000    -2.821348227197257
12.000000000000000    -3.280507922821029
12.500000000000000    -3.828519859407069
13.000000000000000    -4.490134723152144
13.500000000000000    -5.299973924551835
14.000000000000000    -6.308338636885939
14.500000000000000    -7.592299816922926
15.000000000000000    -9.279357628086489
15.500000000000000   -11.606712669391010
16.000000000000000   -15.107880534973257
16.500000000000000   -21.485029622366049
17.000000000000000   -29.745582646853286
17.500000000000000   -18.322965151394833
18.000000000000000   -13.162868525939164
18.500000000000000   -10.002232370664485
19.000000000000000    -7.793979626635922
19.500000000000000    -6.155584094540394
20.000000000000000    -4.901080186918076
20.500000000000000    -3.923058023403549
21.000000000000000    -3.152101140785628
21.500000000000000    -2.539912147793397
22.000000000000000    -2.051294226544013
22.500000000000000    -1.659851707717533
23.000000000000000    -1.345430161003947
23.500000000000000    -1.092474409090809
24.000000000000000    -0.888874612594332
24.500000000000000    -0.725144157011085
25.000000000000000    -0.593817744684922
