Frequencia(GHZ) Atenuacao(dB)
 5.000000000000000    -1.140171626714000
 5.500000000000000    -1.613609314700292
 6.000000000000000    -2.365253354663878
 6.500000000000000    -3.680893177733440
 7.000000000000000    -6.340998961487626
 7.500000000000000   -13.552416459679282
 8.000000000000000   -15.823885763915959
 8.500000000000000    -5.816947613607429
 9.000000000000000    -2.540189623715233
 9.500000000000000    -1.185583844056165
10.000000000000000    -0.581970517090184
10.500000000000000    -0.303318277481610
11.000000000000000    -0.178726466364458
11.500000000000000    -0.133649219447116
12.000000000000000    -0.133067333641452
12.500000000000000    -0.159702051564136
13.000000000000000    -0.205640906795201
13.500000000000000    -0.273637561684835
14.000000000000000    -1.109584326660303
14.500000000000000    -0.384057655788299
15.000000000000000    -0.492302452327650
