Frequencia(GHZ) Atenuacao(dB)
 1.000000000000000    -0.296324486120385
 1.500000000000000    -0.685576027785170
 2.000000000000000    -1.274976346114418
 2.500000000000000    -2.117404787005624
 3.000000000000000    -3.294319353787147
 3.500000000000000    -4.935924864286296
 4.000000000000000    -7.274360325821784
 4.500000000000000   -10.816263925095864
 5.000000000000000   -17.216316707801024
 5.500000000000000   -39.013734835836225
 6.000000000000000   -16.326738675926155
 6.500000000000000   -10.965390536279624
 7.000000000000000    -7.965660949402134
 7.500000000000000    -5.984702607614178
 8.000000000000000    -4.574939878489025
 8.500000000000000    -3.527533978250166
 9.000000000000000    -2.727082985197695
 9.500000000000000    -2.103219252549470
10.000000000000000    -1.610047064077270
