Frequencia(GHZ) Atenuacao(dB)
 2.000000000000000    -1.145706124485596
 2.500000000000000    -1.735295270130540
 3.000000000000000    -2.419169322958449
 3.500000000000000    -3.188565874643775
 4.000000000000000    -4.039858778112399
 4.500000000000000    -4.975750792119916
 5.000000000000000    -6.005878206272266
 5.500000000000000    -7.149164001161232
 6.000000000000000    -8.437153139660280
 6.500000000000000    -9.921305006513220
 7.000000000000000   -11.688475105691573
 7.500000000000000   -13.897514295845872
 8.000000000000000   -16.880066003122892
 8.500000000000000   -21.539559679560817
 9.000000000000000   -32.812394971262925
 9.500000000000000   -27.906830169120958
10.000000000000000   -19.469374783292260
10.500000000000000   -15.074654837947069
11.000000000000000   -11.996225611936733
11.500000000000000    -9.567068536452517
12.000000000000000    -7.521840594887615
