Frequencia(GHZ) Atenuacao(dB)
 8.000000000000000    -7.097742064131098
 8.500000000000000    -7.877345427371854
 9.000000000000000    -8.715947949650463
 9.500000000000000    -9.628061378689512
10.000000000000000   -10.633971869724270
10.500000000000000   -11.762699011119460
11.000000000000000   -13.057672515682379
11.500000000000000   -14.587114284998993
12.000000000000000   -16.468058748292460
12.500000000000000   -18.923910840633987
13.000000000000000   -22.474727021002224
13.500000000000000   -28.904950692325066
14.000000000000000   -44.836393419900496
14.500000000000000   -26.212779145926000
15.000000000000000   -20.412290858389344
15.500000000000000   -16.736806780897968
16.000000000000000   -13.954034554447688
16.500000000000000   -11.647882931385981
17.000000000000000    -9.624525949974871
17.500000000000000    -7.775744650357484
18.000000000000000    -6.030717754537284
