Frequencia(GHZ) Atenuacao(dB)
 5.000000000000000    -0.145147875057251
 5.500000000000000    -0.198848533877782
 6.000000000000000    -0.274181282366686
 6.500000000000000    -0.383253186659319
 7.000000000000000    -0.547875907262122
 7.500000000000000    -0.809626572235240
 8.000000000000000    -1.254683152160815
 8.500000000000000    -2.080704121223801
 9.000000000000000    -3.792590722019404
 9.500000000000000    -7.973084585179731
10.000000000000000   -28.394479934655593
10.500000000000000    -9.620570846019648
11.000000000000000    -4.577089353591531
11.500000000000000    -2.580476766176674
12.000000000000000    -1.616210204092811
12.500000000000000    -1.089446416267863
13.000000000000000    -0.773168855800109
13.500000000000000    -0.568374059115863
14.000000000000000    -0.426460791905104
14.500000000000000    -0.318894907392545
15.000000000000000    -0.887815710949336
