Frequencia(GHZ) Atenuacao(dB)
20.000000000000000    -3.543340374663189
20.500000000000000    -4.014951873290338
21.000000000000000    -4.562880739870683
21.500000000000000    -5.203234547426036
22.000000000000000    -5.957020440799796
22.500000000000000    -6.852254261763838
23.000000000000000    -7.927878184343877
23.500000000000000    -9.240901386387597
24.000000000000000   -10.881827609083665
24.500000000000000   -13.008730891537374
25.000000000000000   -15.942352387143114
25.500000000000000   -20.524719719468781
26.000000000000000   -30.822986245388631
26.500000000000000   -28.118617404315579
27.000000000000000   -19.671552606138132
27.500000000000000   -15.533847482664250
28.000000000000000   -12.825627839926753
28.500000000000000   -10.846556900513706
29.000000000000000    -9.314332830674418
29.500000000000000    -8.085905323255458
30.000000000000000    -7.078134482607483
30.500000000000000    -6.237599235594470
31.000000000000000    -5.527628271963311
31.500000000000000    -4.922224142389353
32.000000000000000    -4.401818707848171
32.500000000000000    -3.951350520056917
33.000000000000000    -3.559190928219447
33.500000000000000    -3.215936201618297
34.000000000000000    -2.914066242818654
34.500000000000000    -2.647431720775511
35.000000000000000    -2.410950330289274
