Frequencia(GHZ) Atenuacao(dB)
 8.000000000000000    -2.170379703386398
 8.500000000000000    -2.683950296371668
 9.000000000000000    -3.326333734712175
 9.500000000000000    -4.138303316961540
10.000000000000000    -5.178141707814752
10.500000000000000    -6.533798619895236
11.000000000000000    -8.350127039217940
11.500000000000000   -10.897885205341838
12.000000000000000   -14.820240128846715
12.500000000000000   -22.587467302706273
13.000000000000000   -29.229777956011898
13.500000000000000   -17.087869540370928
14.000000000000000   -12.390565658598559
14.500000000000000    -9.546787970441466
15.000000000000000    -7.584124941546700
15.500000000000000    -6.141685607279117
16.000000000000000    -5.042082144660292
16.500000000000000    -4.182932500280918
17.000000000000000    -3.499218453259180
17.500000000000000    -2.947244581526925
18.000000000000000    -2.496192387845876
