Frequencia(GHZ) Atenuacao(dB)
 1.000000000000000    -0.259450406728596
 1.250000000000000    -0.411208385467522
 1.500000000000000    -0.603194920625491
 1.750000000000000    -0.839759599213416
 2.000000000000000    -1.126331098257680
 2.250000000000000    -1.469639389164233
 2.500000000000000    -1.877967155236437
 2.750000000000000    -2.361579749680395
 3.000000000000000    -2.933130747360645
 3.250000000000000    -3.608720332373408
 3.500000000000000    -4.408975888714546
 3.750000000000000    -5.361439508382273
 4.000000000000000    -6.504669371201026
 4.250000000000000    -7.895096068329667
 4.500000000000000    -9.622894407796871
 4.750000000000000   -11.847485517975915
 5.000000000000000   -14.896241772624052
 5.250000000000000   -19.648130932345214
 5.500000000000000   -30.747513791260413
 5.750000000000000   -26.993068495943078
 6.000000000000000   -18.698124952052567
 6.250000000000000   -14.662291516880760
 6.500000000000000   -12.027420670111516
 6.750000000000000   -10.104998111961724
 7.000000000000000    -8.617118022247826
 7.250000000000000    -7.423274856737400
 7.500000000000000    -6.441645064438657
 7.750000000000000    -5.620138747541867
 8.000000000000000    -4.923280633575470
 8.250000000000000    -4.325808554226851
 8.500000000000000    -3.809251759929635
 8.750000000000000    -3.359302207849301
 9.000000000000000    -2.965072159767553
 9.250000000000000    -2.617848653154797
 9.500000000000000    -2.310539479035561
 9.750000000000000    -2.037618681524514
10.000000000000000    -1.794309042852190
