Frequencia(GHZ) Atenuacao(dB)
 8.000000000000000    -1.506053056381694
 8.500000000000000    -1.856311996748027
 9.000000000000000    -2.291347470399807
 9.500000000000000    -2.836451913247095
10.000000000000000    -3.525579328173508
10.500000000000000    -4.406491033584347
11.000000000000000    -5.549335885268982
11.500000000000000    -7.061813708331563
12.000000000000000    -9.129046060105480
12.500000000000000   -12.123728321967546
13.000000000000000   -17.065940632827772
13.500000000000000   -30.314607399199314
14.000000000000000   -22.127393724153215
14.500000000000000   -14.778588621382632
15.000000000000000   -11.068483530433136
15.500000000000000    -8.677851504453850
16.000000000000000    -6.984827712072699
16.500000000000000    -5.724083635443025
17.000000000000000    -4.755054077338299
17.500000000000000    -3.993401514317264
18.000000000000000    -3.384195526829242
