Frequencia(GHZ) Atenuacao(dB)
 2.000000000000000    -0.394659094907895
 2.500000000000000    -0.626555900692883
 3.000000000000000    -0.920599453008923
 3.500000000000000    -1.283970608689009
 4.000000000000000    -1.725953734181657
 4.500000000000000    -2.258477524604285
 5.000000000000000    -2.897424960240523
 5.500000000000000    -3.663382917094391
 6.000000000000000    -4.585026112348013
 6.500000000000000    -5.702204580745897
 7.000000000000000    -7.075473868765082
 7.500000000000000    -8.802871211946039
 8.000000000000000   -11.060142044832435
 8.500000000000000   -14.220273821220834
 9.000000000000000   -19.343476026355937
 9.500000000000000   -33.640912147040105
10.000000000000000   -23.663714845708085
10.500000000000000   -16.458084696415156
11.000000000000000   -12.664777105927490
11.500000000000000   -10.121116001653592
12.000000000000000    -8.239552526613831
