Frequencia(GHZ) Atenuacao(dB)
 5.000000000000000    -2.813680080435037
 5.500000000000000    -3.451242550833878
 6.000000000000000    -4.177959715430966
 6.500000000000000    -5.008467913431193
 7.000000000000000    -5.963409548978086
 7.500000000000000    -7.072725731825931
 8.000000000000000    -8.381767445090880
 8.500000000000000    -9.962409332485811
 9.000000000000000   -11.938404912934718
 9.500000000000000   -14.550529304266563
10.000000000000000   -18.370581488723225
10.500000000000000   -25.479785041049229
11.000000000000000   -36.513834497805412
11.500000000000000   -21.568506295389000
12.000000000000000   -16.340541253601625
12.500000000000000   -13.096072835190114
13.000000000000000   -10.739811475663103
13.500000000000000    -8.896809785925397
14.000000000000000    -7.390544635959824
14.500000000000000    -6.125195210121087
15.000000000000000    -5.043352507118111
