Frequencia(GHZ) Atenuacao(dB)
 8.000000000000000    -7.452520964472805
 8.500000000000000    -9.132410807612914
 9.000000000000000   -11.394318461424843
 9.500000000000000   -14.722670244673610
10.000000000000000   -20.666715845237938
10.500000000000000   -36.765558160946419
11.000000000000000   -19.424300108452314
11.500000000000000   -13.545674134030579
12.000000000000000   -10.039677996938609
12.500000000000000    -7.580713194043393
13.000000000000000    -5.739816519851225
13.500000000000000    -4.322871920480509
14.000000000000000    -3.223283292150837
14.500000000000000    -2.373037232102658
15.000000000000000    -1.723301955019138
15.500000000000000    -1.235924288815520
16.000000000000000    -0.880113340813760
16.500000000000000    -0.630403246271915
17.000000000000000    -0.465907203366498
17.500000000000000    -0.369645083584368
18.000000000000000    -0.328042468675739
