Frequencia(GHZ) Atenuacao(dB)
 2.000000000000000    -0.434004313808425
 2.500000000000000    -0.697571527296479
 3.000000000000000    -1.041294543976687
 3.500000000000000    -1.480493486122679
 4.000000000000000    -2.035724285808833
 4.500000000000000    -2.734644787444243
 5.000000000000000    -3.615095142080779
 5.500000000000000    -4.731121723658945
 6.000000000000000    -6.163611128273721
 6.500000000000000    -8.045759258015830
 7.000000000000000   -10.629444036193327
 7.500000000000000   -14.507552093036715
 8.000000000000000   -21.870906861080165
 8.500000000000000   -31.611831835557918
 9.000000000000000   -17.720672478379672
 9.500000000000000   -12.807691957875983
10.000000000000000    -9.858014903178029
10.500000000000000    -7.812331037981018
11.000000000000000    -6.292902538135383
11.500000000000000    -5.118471222103978
12.000000000000000    -4.186987946055943
