Frequencia(GHZ) Atenuacao(dB)
 2.000000000000000    -1.511289190151606
 2.500000000000000    -2.277885637895126
 3.000000000000000    -3.166982117860064
 3.500000000000000    -4.174059183692873
 4.000000000000000    -5.305691742099604
 4.500000000000000    -6.582884063744665
 5.000000000000000    -8.046042638590063
 5.500000000000000    -9.767410506670618
 6.000000000000000   -11.878448253491634
 6.500000000000000   -14.645034594193737
 7.000000000000000   -18.730514012152646
 7.500000000000000   -26.834152605176165
 8.000000000000000   -31.583134283180090
 8.500000000000000   -19.977687578177036
 9.000000000000000   -15.024978539294860
 9.500000000000000   -11.759331481882796
10.000000000000000    -9.276055832734830
10.500000000000000    -7.248136951608450
11.000000000000000    -5.527518727847314
11.500000000000000    -4.043763858799744
12.000000000000000    -2.769931071416154
