Frequencia(GHZ) Atenuacao(dB)
 8.000000000000000    -8.844998161214059
 8.500000000000000   -10.060909446077900
 9.000000000000000   -11.471517595095188
 9.500000000000000   -13.160896803884294
10.000000000000000   -15.278409970602670
10.500000000000000   -18.129795878341643
11.000000000000000   -22.514215585978715
11.500000000000000   -32.227294425362459
12.000000000000000   -31.040309873044851
12.500000000000000   -21.686563889159626
13.000000000000000   -17.117637535232479
13.500000000000000   -14.000727474015484
14.000000000000000   -11.590143724522736
14.500000000000000    -9.595470228281521
15.000000000000000    -7.875607810811893
15.500000000000000    -6.354434382342218
16.000000000000000    -4.990552720643400
16.500000000000000    -3.764619209208715
17.000000000000000    -2.674192432343378
17.500000000000000    -1.730851075267809
18.000000000000000    -0.960369716807097
