Frequencia(GHZ) Atenuacao(dB)
 8.000000000000000    -1.647160070992009
 8.500000000000000    -2.066972096946747
 9.000000000000000    -2.619582999219686
 9.500000000000000    -3.365691607985085
10.000000000000000    -4.404766797914366
10.500000000000000    -5.910613403983069
11.000000000000000    -8.224169959410540
11.500000000000000   -12.182244136292681
12.000000000000000   -21.410506571891496
12.500000000000000   -20.356480389629095
13.000000000000000   -11.459635422090214
13.500000000000000    -7.433223361749908
14.000000000000000    -5.053309310744180
14.500000000000000    -3.523619054448674
15.000000000000000    -2.500764115971631
15.500000000000000    -1.798937127945403
16.000000000000000    -1.307928992932433
16.500000000000000    -0.958809060623832
17.000000000000000    -0.707585904414565
17.500000000000000    -0.525167053785399
18.000000000000000    -0.392408821126907
