Frequencia(GHZ) Atenuacao(dB)
 1.000000000000000    -0.564767077355013
 1.500000000000000    -1.344660598961373
 2.000000000000000    -2.630708203208568
 2.500000000000000    -4.700898806616237
 3.000000000000000    -8.143468105036369
 3.500000000000000   -14.853425869689685
 4.000000000000000   -29.896993424870786
 4.500000000000000   -12.892139580256440
 5.000000000000000    -8.075420341256340
 5.500000000000000    -5.473347294723345
 6.000000000000000    -3.843428356166746
 6.500000000000000    -2.748045244144989
 7.000000000000000    -1.979621877920487
 7.500000000000000    -1.424980108646877
 8.000000000000000    -1.016813518721023
 8.500000000000000    -0.713026038401374
 9.000000000000000    -0.486311486673290
 9.500000000000000    -0.318875519494696
10.000000000000000    -0.199642267188474
