Frequencia(GHZ) Atenuacao(dB)
 5.000000000000000    -0.165569046406838
 5.500000000000000    -0.209139764396050
 6.000000000000000    -0.261794546425437
 6.500000000000000    -0.325848817955971
 7.000000000000000    -0.404482630795386
 7.500000000000000    -0.502166228867457
 8.000000000000000    -0.625358181133485
 8.500000000000000    -0.783649118172730
 9.000000000000000    -0.991749121701289
 9.500000000000000    -1.273189603708844
10.000000000000000    -1.667277716089957
10.500000000000000    -2.243988151877013
11.000000000000000    -3.136981124051919
11.500000000000000    -4.628893916005291
12.000000000000000    -7.426794476521540
12.500000000000000   -14.193868251608489
13.000000000000000   -19.955147401847881
13.500000000000000    -7.681779118465641
14.000000000000000    -3.399781638862856
14.500000000000000    -1.272775473974582
15.000000000000000    -0.673626774137606
