Frequencia(GHZ) Atenuacao(dB)
 8.000000000000000    -4.200322478951508
 8.500000000000000    -5.431180597896020
 9.000000000000000    -7.109465488591462
 9.500000000000000    -9.499014934653507
10.000000000000000   -13.201784408110457
10.500000000000000   -20.377110481393075
11.000000000000000   -29.817794135714344
11.500000000000000   -16.229351916108495
12.000000000000000   -11.345603358858087
12.500000000000000    -8.463609657757086
13.000000000000000    -6.517344419397945
13.500000000000000    -5.118035381243194
14.000000000000000    -4.074966558609360
14.500000000000000    -3.278294684225379
15.000000000000000    -2.658649491995355
15.500000000000000    -2.169542000110472
16.000000000000000    -1.778724857577642
16.500000000000000    -1.463056534947818
17.000000000000000    -1.205793551458827
17.500000000000000    -0.994474364419151
18.000000000000000    -0.819795920619609
