Frequencia(GHZ) Atenuacao(dB)
 5.000000000000000    -5.333977853418174
 5.500000000000000    -6.381657342631421
 6.000000000000000    -7.559324059446940
 6.500000000000000    -8.906687423646950
 7.000000000000000   -10.489148768810056
 7.500000000000000   -12.417227817825545
 8.000000000000000   -14.907311970967786
 8.500000000000000   -18.457242152592695
 9.000000000000000   -24.717774321301949
 9.500000000000000   -46.114489409394182
10.000000000000000   -23.066760129182434
10.500000000000000   -17.164616581366083
11.000000000000000   -13.522534835261999
11.500000000000000   -10.820521627353886
12.000000000000000    -8.629926737807153
12.500000000000000    -6.760547128722600
13.000000000000000    -5.116180912980556
13.500000000000000    -3.650318597719841
14.000000000000000    -2.349380705472837
14.500000000000000    -1.225333287870322
15.000000000000000    -0.717764757574221
