Frequencia(GHZ) Atenuacao(dB)
10.000000000000000    -0.502332229381296
10.500000000000000    -0.586081825307643
11.000000000000000    -0.683915752527481
11.500000000000000    -0.798823195223323
12.000000000000000    -0.934623404212093
12.500000000000000    -1.096209996703126
13.000000000000000    -1.289843221195734
13.500000000000000    -1.523712299003351
14.000000000000000    -1.808716008787956
14.500000000000000    -2.159449806265898
15.000000000000000    -2.594940638187830
15.500000000000000    -3.142950986234314
16.000000000000000    -3.840523321365830
16.500000000000000    -4.741627420703399
17.000000000000000    -5.927667248744402
17.500000000000000    -7.529494402380982
18.000000000000000    -9.780890405430291
18.500000000000000   -13.194117004059834
19.000000000000000   -19.435747689603922
19.500000000000000   -40.657230596074605
20.000000000000000   -18.212915053632152
