Frequencia(GHZ) Atenuacao(dB)
10.000000000000000    -0.546011981386890
10.500000000000000    -0.646608011735727
11.000000000000000    -0.767205487316649
11.500000000000000    -0.912939917838728
12.000000000000000    -1.090682542671661
12.500000000000000    -1.309392156830088
13.000000000000000    -1.581456041525974
13.500000000000000    -1.923895589050365
14.000000000000000    -2.360399925486134
14.500000000000000    -2.924657428817985
15.000000000000000    -3.665907796811198
15.500000000000000    -4.657337873485372
16.000000000000000    -6.014364976146784
16.500000000000000    -7.934213855743712
17.000000000000000   -10.812126034590163
17.500000000000000   -15.714285652721140
18.000000000000000   -29.516400807395481
18.500000000000000   -20.200982025163860
19.000000000000000   -13.057347626507244
19.500000000000000    -9.463898192300080
20.000000000000000    -7.190621614160724
