Frequencia(GHZ) Atenuacao(dB)
 5.000000000000000    -0.817796359406036
 5.500000000000000    -1.027350848139559
 6.000000000000000    -1.282929831760154
 6.500000000000000    -1.600067921900751
 7.000000000000000    -2.003119343595184
 7.500000000000000    -2.531849963875216
 8.000000000000000    -3.255502354885212
 8.500000000000000    -4.303742718869496
 9.000000000000000    -5.947957670936751
 9.500000000000000    -8.872530063565389
10.000000000000000   -15.736649392703486
10.500000000000000   -20.224504535870683
11.000000000000000    -8.316889345545757
11.500000000000000    -3.847210947097888
12.000000000000000    -1.706223450671554
12.500000000000000    -0.709380186076933
13.000000000000000    -0.306888784280436
13.500000000000000    -0.261207752061072
14.000000000000000    -0.644257710957201
14.500000000000000    -4.583797036706480
15.000000000000000    -1.520052914808235
