Frequencia(GHZ) Atenuacao(dB)
10.000000000000000    -2.807842348938818
10.500000000000000    -3.157249581149267
11.000000000000000    -3.547616097489359
11.500000000000000    -3.987220537222664
12.000000000000000    -4.486969716071820
12.500000000000000    -5.061561953117191
13.000000000000000    -5.731183656160960
13.500000000000000    -6.524366435645493
14.000000000000000    -7.482994889069803
14.500000000000000    -8.671664109825123
15.000000000000000   -10.196893120373478
15.500000000000000   -12.253514596907735
16.000000000000000   -15.258647368609548
16.500000000000000   -20.397528141036574
17.000000000000000   -31.441130547017931
17.500000000000000   -20.990779244464044
18.000000000000000   -14.704530786013633
18.500000000000000   -10.961429445919443
19.000000000000000    -8.343314774687036
19.500000000000000    -6.389996450447629
20.000000000000000    -4.895432149126229
20.500000000000000    -3.745516972894042
21.000000000000000    -2.865515347798907
21.500000000000000    -2.199945493924636
22.000000000000000    -1.704612857457564
22.500000000000000    -1.343396807614183
23.000000000000000    -1.086833374451190
23.500000000000000    -0.911201421071402
24.000000000000000    -0.797673592565727
24.500000000000000    -0.731510931808331
25.000000000000000    -0.701291036527150
