Frequencia(GHZ) Atenuacao(dB)
10.000000000000000    -1.032327744532933
10.500000000000000    -1.178116303512730
11.000000000000000    -1.342491784957850
11.500000000000000    -1.528350414292680
12.000000000000000    -1.739174058652241
12.500000000000000    -1.979200733211117
13.000000000000000    -2.253528160384517
13.500000000000000    -2.568522362138664
14.000000000000000    -2.931939405504269
14.500000000000000    -3.353573365283274
15.000000000000000    -3.845725945199254
15.500000000000000    -4.424263612261731
16.000000000000000    -5.110045311757349
16.500000000000000    -5.931075329440639
17.000000000000000    -6.926517346848970
17.500000000000000    -8.153572615008706
18.000000000000000    -9.702351914586654
18.500000000000000   -11.727945496742326
19.000000000000000   -14.540446692680074
19.500000000000000   -18.927199336915411
20.000000000000000   -28.134273641844707
20.500000000000000   -26.565082958544391
21.000000000000000   -18.247763148612258
21.500000000000000   -14.060336132791710
22.000000000000000   -11.316475043137894
22.500000000000000    -9.318175210684688
23.000000000000000    -7.780997439529450
23.500000000000000    -6.559782554258710
24.000000000000000    -5.569163765933556
24.500000000000000    -4.753939606368732
25.000000000000000    -4.075931304466783
