Frequencia(GHZ) Atenuacao(dB)
 2.000000000000000    -2.157145718193946
 2.500000000000000    -3.295791868130790
 3.000000000000000    -4.678119766204322
 3.500000000000000    -6.353028179964724
 4.000000000000000    -8.428689913170672
 4.500000000000000   -11.136630035144712
 5.000000000000000   -15.047568020617893
 5.500000000000000   -22.271342297302390
 6.000000000000000   -32.720742058037608
 6.500000000000000   -18.239619518483199
 7.000000000000000   -13.060116754631132
 7.500000000000000    -9.832612890139497
 8.000000000000000    -7.491125532842222
 8.500000000000000    -5.670676925838994
 9.000000000000000    -4.207738385997524
 9.500000000000000    -3.019690761538960
10.000000000000000    -2.062157440988448
10.500000000000000    -1.310305677317239
11.000000000000000    -0.749573715737114
11.500000000000000    -0.371529323787233
12.000000000000000    -0.179413598770490
