Frequencia(GHZ) Atenuacao(dB)
10.000000000000000    -0.646097791333509
10.500000000000000    -0.766049769506556
11.000000000000000    -0.910327348697749
11.500000000000000    -1.085334219911549
12.000000000000000    -1.299648180202165
12.500000000000000    -1.564671151778809
13.000000000000000    -1.896223599247762
13.500000000000000    -2.316214896041940
14.000000000000000    -2.855390984489930
14.500000000000000    -3.558518572444897
15.000000000000000    -4.491581637560481
15.500000000000000    -5.757688589262552
16.000000000000000    -7.528848247322540
16.500000000000000   -10.135266222304651
17.000000000000000   -14.397536167415858
17.500000000000000   -24.093098226264726
18.000000000000000   -23.302022605559209
18.500000000000000   -14.225715921488987
19.000000000000000   -10.139661171016765
19.500000000000000    -7.631251291801514
20.000000000000000    -5.921422170032310
