Frequencia(GHZ) Atenuacao(dB)
 5.000000000000000    -5.946620079781135
 5.250000000000000    -6.588130569573636
 5.500000000000000    -7.282736698641322
 5.750000000000000    -8.039567159499640
 6.000000000000000    -8.870386919973596
 6.250000000000000    -9.790603249762203
 6.500000000000000   -10.821850242317561
 6.750000000000000   -11.994646327109518
 7.000000000000000   -13.355693641675501
 7.250000000000000   -14.975811513865938
 7.500000000000000   -16.973205706179687
 7.750000000000000   -19.588720674262337
 8.000000000000000   -23.380548728811103
 8.250000000000000   -30.317866512266484
 8.500000000000000   -42.957303848583862
 8.750000000000000   -26.941434004557248
 9.000000000000000   -21.597733975364829
 9.250000000000000   -18.285764694516125
 9.500000000000000   -15.869344935980772
 9.750000000000000   -13.962211168293276
10.000000000000000   -12.381510938558092
10.250000000000000   -11.029180306088053
10.500000000000000    -9.845571906286940
10.750000000000000    -8.792178880804695
11.000000000000000    -7.842242084083412
11.250000000000000    -6.977401916391738
11.500000000000000    -6.183995204909194
11.750000000000000    -5.452395547269100
12.000000000000000    -4.775050222182677
12.250000000000000    -4.146541479229149
12.500000000000000    -3.563113326062195
12.750000000000000    -3.022237066747585
13.000000000000000    -2.522098009818960
13.250000000000000    -2.061999674121916
13.500000000000000    -1.641825559497536
13.750000000000000    -1.262251177493019
14.000000000000000    -0.924352949871634
14.250000000000000    -0.629850959824115
14.500000000000000    -0.380813327591624
14.750000000000000    -0.178301194032030
15.000000000000000    -0.669404758898846
