Frequencia(GHZ) Atenuacao(dB)
20.000000000000000    -2.672536361011391
20.500000000000000    -3.015149498637455
21.000000000000000    -3.410097835075282
21.500000000000000    -3.867324917001588
22.000000000000000    -4.399321043171504
22.500000000000000    -5.021790636000786
23.000000000000000    -5.755005914422831
23.500000000000000    -6.625804825237712
24.000000000000000    -7.671578318076630
24.500000000000000    -8.946357580391057
25.000000000000000   -10.534360763409607
25.500000000000000   -12.580200795588064
26.000000000000000   -15.370458114144808
26.500000000000000   -19.621922063494832
27.000000000000000   -28.390063885841112
27.500000000000000   -30.603472317883625
28.000000000000000   -20.477401641189044
28.500000000000000   -16.003344221329819
29.000000000000000   -13.155065567156742
29.500000000000000   -11.101261554631902
30.000000000000000    -9.524843772355128
30.500000000000000    -8.268362537770335
31.000000000000000    -7.241535186110628
31.500000000000000    -6.388024361229823
32.000000000000000    -5.669168029244283
32.500000000000000    -5.057358587320898
33.000000000000000    -4.532268904412112
33.500000000000000    -4.078460263105577
34.000000000000000    -3.683739165004138
34.500000000000000    -3.338475510990572
35.000000000000000    -3.035049915522333
