Frequencia(GHZ) Atenuacao(dB)
 5.000000000000000    -0.509581735751757
 5.500000000000000    -0.675926956109049
 6.000000000000000    -0.901261445612136
 6.500000000000000    -1.217133966634394
 7.000000000000000    -1.679735106660163
 7.500000000000000    -2.396119212876416
 8.000000000000000    -3.589021945255845
 8.500000000000000    -5.783234793671422
 9.000000000000000   -10.578554826733466
 9.500000000000000   -33.922024024902896
10.000000000000000   -10.357137770598937
10.500000000000000    -5.052606339347959
11.000000000000000    -2.710223617267696
11.500000000000000    -1.533431048058316
12.000000000000000    -0.898316069976888
12.500000000000000    -0.536562890046254
13.000000000000000    -0.322556736806812
13.500000000000000    -0.193621533366826
14.000000000000000    -0.117627711558700
14.500000000000000    -0.101692365422402
15.000000000000000    -0.248787724728077
