Frequencia(GHZ) Atenuacao(dB)
15.000000000000000    -3.206010419098624
15.500000000000000    -3.678378608325491
16.000000000000000    -4.234052225503705
16.500000000000000    -4.892706695798117
17.000000000000000    -5.680750009379112
17.500000000000000    -6.634510707582352
18.000000000000000    -7.806533740493266
18.500000000000000    -9.277422166111613
19.000000000000000   -11.182937696475069
19.500000000000000   -13.783604574098764
20.000000000000000   -17.697411192422095
20.500000000000000   -25.151890350271827
21.000000000000000   -30.354535416451590
21.500000000000000   -19.668045814667309
22.000000000000000   -14.929678042161326
22.500000000000000   -11.954471134805020
23.000000000000000    -9.831005723625108
23.500000000000000    -8.216279172704622
24.000000000000000    -6.942679261139391
24.500000000000000    -5.914297729781984
25.000000000000000    -5.070368263658841
25.500000000000000    -4.369582017959393
26.000000000000000    -3.782230367853350
26.500000000000000    -3.286099666952772
27.000000000000000    -2.864459966663201
27.500000000000000    -2.504198505654271
28.000000000000000    -2.194711439213793
28.500000000000000    -1.927745352644523
29.000000000000000    -1.696499567245984
29.500000000000000    -1.495367145924724
30.000000000000000    -1.319874546944384
