Frequencia(GHZ) Atenuacao(dB)
 2.000000000000000    -1.603402832668206
 2.500000000000000    -2.496441203896533
 3.000000000000000    -3.605239578315784
 3.500000000000000    -4.965180185666895
 4.000000000000000    -6.644777313811220
 4.500000000000000    -8.776233170995109
 5.000000000000000   -11.636759016406749
 5.500000000000000   -15.940583923986971
 6.000000000000000   -24.794686078534710
 6.500000000000000   -27.136906971569509
 7.000000000000000   -16.816450727990112
 7.500000000000000   -12.279353307425456
 8.000000000000000    -9.362871613388599
 8.500000000000000    -7.235227611403205
 9.000000000000000    -5.584431757739119
 9.500000000000000    -4.261786973319873
10.000000000000000    -3.185929279289266
10.500000000000000    -2.308442996844662
11.000000000000000    -1.599014971496200
11.500000000000000    -1.037549869417976
12.000000000000000    -0.610538340382990
