Frequencia(GHZ) Atenuacao(dB)
 1.000000000000000    -0.223909703435344
 1.250000000000000    -0.365132277554308
 1.500000000000000    -0.555309438821749
 1.750000000000000    -0.807912447252672
 2.000000000000000    -1.141823053336238
 2.250000000000000    -1.583589756693504
 2.500000000000000    -2.170689542111893
 2.750000000000000    -2.956525858978757
 3.000000000000000    -4.018987900861018
 3.250000000000000    -5.476402509192448
 3.500000000000000    -7.526951439430309
 3.750000000000000   -10.560465973856115
 4.000000000000000   -15.638370617955779
 4.250000000000000   -29.715997141110151
 4.500000000000000   -20.391702513480908
 4.750000000000000   -13.376693843877542
 5.000000000000000    -9.870672355411106
 5.250000000000000    -7.654075959491218
 5.500000000000000    -6.115248755118200
 5.750000000000000    -4.989929045236603
 6.000000000000000    -4.138443220105993
 6.250000000000000    -3.477717012093685
 6.500000000000000    -2.954538748712679
 6.750000000000000    -2.533150049658285
 7.000000000000000    -2.188757569921887
 7.250000000000000    -1.903623549919732
 7.500000000000000    -1.664890424039490
 7.750000000000000    -1.462995714622475
 8.000000000000000    -1.290608074839339
 8.250000000000000    -1.142145870824967
 8.500000000000000    -1.013390437704829
 8.750000000000000    -0.900829667030953
 9.000000000000000    -0.801812940329767
 9.250000000000000    -0.714216842253390
 9.500000000000000    -0.636247034605032
 9.750000000000000    -0.566502850074155
10.000000000000000    -0.503773920906412
