Frequencia(GHZ) Atenuacao(dB)
 2.000000000000000    -1.041237441863238
 2.500000000000000    -1.682634904593308
 3.000000000000000    -2.540417706416875
 3.500000000000000    -3.676958842522911
 4.000000000000000    -5.191068433278683
 4.500000000000000    -7.254825375663550
 5.000000000000000   -10.218987784603573
 5.500000000000000   -15.031835463251870
 6.000000000000000   -27.058201770743988
 6.500000000000000   -21.127022904333671
 7.000000000000000   -13.410143947858908
 7.500000000000000    -9.601035890113495
 8.000000000000000    -7.162446623740237
 8.500000000000000    -5.441965272640547
 9.000000000000000    -4.167342409527870
 9.500000000000000    -3.195921557515812
10.000000000000000    -2.443168140133246
10.500000000000000    -1.853834534190905
11.000000000000000    -1.390268228221703
11.500000000000000    -1.025483602078735
12.000000000000000    -0.740043819184204
