Frequencia(GHZ) Atenuacao(dB)
 2.000000000000000    -1.477904331444507
 2.500000000000000    -2.202811347912166
 3.000000000000000    -3.023319898674994
 3.500000000000000    -3.926757518505116
 4.000000000000000    -4.909055637630110
 4.500000000000000    -5.975278334973248
 5.000000000000000    -7.140418750246083
 5.500000000000000    -8.432148271404728
 6.000000000000000    -9.896336557638506
 6.500000000000000   -11.609945421691407
 7.000000000000000   -13.710309975772581
 7.500000000000000   -16.474705084629523
 8.000000000000000   -20.601423516661956
 8.500000000000000   -29.054365490129264
 9.000000000000000   -31.965338491670039
 9.500000000000000   -21.033524875106952
10.000000000000000   -16.087934574121952
10.500000000000000   -12.730401634155207
11.000000000000000   -10.103620319116613
11.500000000000000    -7.889240250699777
12.000000000000000    -5.941882568206866
