Frequencia(GHZ) Atenuacao(dB)
 8.000000000000000    -6.208989061330540
 8.500000000000000    -6.923049867910956
 9.000000000000000    -7.690310949611676
 9.500000000000000    -8.521806416378622
10.000000000000000    -9.432658548831180
10.500000000000000   -10.444052624106805
11.000000000000000   -11.586669344536128
11.500000000000000   -12.906341893089667
12.000000000000000   -14.476075680571070
12.500000000000000   -16.422026938525985
13.000000000000000   -18.990875230218272
13.500000000000000   -22.776948036543331
14.000000000000000   -30.003522150390790
14.500000000000000   -38.949356789794358
15.000000000000000   -25.003310252605043
15.500000000000000   -19.662696110078905
16.000000000000000   -16.185162130981666
16.500000000000000   -13.530207738813965
17.000000000000000   -11.327713933581261
17.500000000000000    -9.400708057633841
18.000000000000000    -7.649690919530123
