Frequencia(GHZ) Atenuacao(dB)
 5.000000000000000    -0.730391285432133
 5.500000000000000    -1.130555801499077
 6.000000000000000    -1.873195816626065
 6.500000000000000    -3.467765230130740
 7.000000000000000    -7.755941732030792
 7.500000000000000   -28.817115931787765
 8.000000000000000    -6.773057825121117
 8.500000000000000    -2.797372558136186
 9.000000000000000    -1.362203269974488
 9.500000000000000    -0.736987057743418
10.000000000000000    -0.427371284951899
10.500000000000000    -0.260162747845657
11.000000000000000    -0.165022566082774
11.500000000000000    -0.109899965715708
12.000000000000000    -0.078746527992321
12.500000000000000    -0.062943467085591
13.000000000000000    -0.057637575424268
13.500000000000000    -0.060060800143132
14.000000000000000    -0.068831973493877
14.500000000000000    -0.086336502696431
15.000000000000000    -0.108752818579444
