Frequencia(GHZ) Atenuacao(dB)
20.000000000000000    -5.367545813117979
20.500000000000000    -6.132187418432819
21.000000000000000    -7.038760185775030
21.500000000000000    -8.126905736605410
22.000000000000000    -9.455287192110687
22.500000000000000   -11.117416098758175
23.000000000000000   -13.277861248656686
23.500000000000000   -16.274546575751675
24.000000000000000   -21.013165427954146
24.500000000000000   -31.976466903159061
25.000000000000000   -27.049955174810346
25.500000000000000   -19.284609971446095
26.000000000000000   -15.290310443081427
26.500000000000000   -12.635115605121440
27.000000000000000   -10.678103075595599
27.500000000000000    -9.154087704617659
28.000000000000000    -7.927222881815161
28.500000000000000    -6.917365568016328
29.000000000000000    -6.072761283970279
29.500000000000000    -5.357982066587101
30.000000000000000    -4.747591897002700
30.500000000000000    -4.222416836032160
31.000000000000000    -3.767611662722689
31.500000000000000    -3.371668464777999
32.000000000000000    -3.025312513412167
32.500000000000000    -2.720925284185496
33.000000000000000    -2.452394865319617
33.500000000000000    -2.214615662808886
34.000000000000000    -2.003352756633364
34.500000000000000    -1.815013623636914
35.000000000000000    -1.646617941570675
