Frequencia(GHZ) Atenuacao(dB)
10.000000000000000    -1.814278172847084
10.500000000000000    -2.079796191144482
11.000000000000000    -2.383196989662124
11.500000000000000    -2.731781548798807
12.000000000000000    -3.134840098661065
12.500000000000000    -3.604326063110724
13.000000000000000    -4.155836808283839
13.500000000000000    -4.810194310617945
14.000000000000000    -5.596018301316613
14.500000000000000    -6.553827673436997
15.000000000000000    -7.744087642501235
15.500000000000000    -9.262870576252931
16.000000000000000   -11.278710159531848
16.500000000000000   -14.133905635323698
17.000000000000000   -18.723850361577583
17.500000000000000   -28.741060138325999
18.000000000000000   -23.754536698324561
18.500000000000000   -16.386364329618960
19.000000000000000   -12.410421471666023
19.500000000000000    -9.746513021185159
20.000000000000000    -7.792739284355224
20.500000000000000    -6.292824804529445
21.000000000000000    -5.111615782352051
21.500000000000000    -4.167386076403137
22.000000000000000    -3.405622593517936
22.500000000000000    -2.787443632587676
23.000000000000000    -2.283887020169854
23.500000000000000    -1.872690842610005
24.000000000000000    -1.536434286183892
24.500000000000000    -1.261316719080709
25.000000000000000    -1.036311434541786
