Frequencia(GHZ) Atenuacao(dB)
10.000000000000000    -0.588314970493698
10.500000000000000    -0.686525405282222
11.000000000000000    -0.801432696036190
11.500000000000000    -0.936631346307066
12.000000000000000    -1.096724924337803
12.500000000000000    -1.287689365808928
13.000000000000000    -1.517165733399435
13.500000000000000    -1.795236793820822
14.000000000000000    -2.135336589242960
14.500000000000000    -2.555635887278058
15.000000000000000    -3.080170015732310
15.500000000000000    -3.744164525271776
16.000000000000000    -4.595793687441173
16.500000000000000    -5.707542044152109
17.000000000000000    -7.193781506636659
17.500000000000000    -9.255012643277778
18.000000000000000   -12.302937580765724
18.500000000000000   -17.515160860135179
19.000000000000000   -34.007655727032365
19.500000000000000   -20.467036370956009
20.000000000000000   -13.769467068108138
