Frequencia(GHZ) Atenuacao(dB)
 5.000000000000000    -8.127794620070098
 5.250000000000000    -9.348544910907160
 5.500000000000000   -10.788731490122798
 5.750000000000000   -12.533142584342469
 6.000000000000000   -14.731440148169167
 6.250000000000000   -17.688704400249318
 6.500000000000000   -22.199729250589751
 6.750000000000000   -32.041115990397302
 7.000000000000000   -31.271368678566549
 7.250000000000000   -22.039410178361393
 7.500000000000000   -17.713299359318523
 7.750000000000000   -14.875023859101162
 8.000000000000000   -12.773510893975875
 8.250000000000000   -11.113365476501256
 8.500000000000000    -9.750329377508040
 8.750000000000000    -8.600341835465732
 9.000000000000000    -7.611947792799116
 9.250000000000000    -6.749820344104321
 9.500000000000000    -5.990098079349798
 9.750000000000000    -5.314938611140640
10.000000000000000    -4.711321854912353
10.250000000000000    -4.168787232364951
10.500000000000000    -3.679420185932418
10.750000000000000    -3.236520349213832
11.000000000000000    -2.835104376767826
11.250000000000000    -2.470665941606780
11.500000000000000    -2.139782712938478
11.750000000000000    -1.839312160472988
12.000000000000000    -1.566804554936045
12.250000000000000    -1.320147934951703
12.500000000000000    -1.097523486281886
12.750000000000000    -0.897370574237993
13.000000000000000    -0.718526756421850
13.250000000000000    -0.559978775612019
13.500000000000000    -0.421106557407246
13.750000000000000    -0.301317550098778
14.000000000000000    -0.200490796391117
14.250000000000000    -0.118940494868629
14.500000000000000    -0.057585569251849
14.750000000000000    -0.018702607811186
15.000000000000000    -0.818851650792517
