Frequencia(GHZ) Atenuacao(dB)
15.000000000000000    -6.329192998853301
15.500000000000000    -6.931925247409969
16.000000000000000    -7.617644831748492
16.500000000000000    -8.409424523700924
17.000000000000000    -9.340090895355067
17.500000000000000   -10.458733933362900
18.000000000000000   -11.842819643264578
18.500000000000000   -13.625548134537967
19.000000000000000   -16.064493584393716
19.500000000000000   -19.765886176647612
20.000000000000000   -26.722755255334139
20.500000000000000   -29.973332718908821
21.000000000000000   -20.516100563206177
21.500000000000000   -15.618899592238742
22.000000000000000   -12.363164034820810
22.500000000000000    -9.936647510452655
23.000000000000000    -8.028601086237636
23.500000000000000    -6.490856511274146
24.000000000000000    -5.241314877639612
24.500000000000000    -4.228341152415327
25.000000000000000    -3.414861807817823
25.500000000000000    -2.770891371640169
26.000000000000000    -2.270375868930672
26.500000000000000    -1.889751100470543
27.000000000000000    -1.607875494598304
27.500000000000000    -1.406259970825680
28.000000000000000    -1.268852549522565
28.500000000000000    -1.182158039789533
29.000000000000000    -1.135082244805956
29.500000000000000    -1.118609856819423
30.000000000000000    -1.125584859101829
