Frequencia(GHZ) Atenuacao(dB)
 2.000000000000000    -0.504767399459639
 2.500000000000000    -0.808571847074429
 3.000000000000000    -1.203142964198378
 3.500000000000000    -1.705205307974997
 4.000000000000000    -2.337306087013243
 4.500000000000000    -3.130036771962761
 5.000000000000000    -4.126325250016609
 5.500000000000000    -5.388930087818453
 6.000000000000000    -7.016330272359586
 6.500000000000000    -9.180934444866328
 7.000000000000000   -12.238951714734343
 7.500000000000000   -17.170912075096123
 8.000000000000000   -29.857692936637996
 8.500000000000000   -22.752717391595500
 9.000000000000000   -15.184493644181822
 9.500000000000000   -11.364935668882802
10.000000000000000    -8.871294906419669
10.500000000000000    -7.072256928092272
11.000000000000000    -5.704303123700757
11.500000000000000    -4.630310470583798
12.000000000000000    -3.769157242755641
