Frequencia(GHZ) Atenuacao(dB)
10.000000000000000    -2.584322122914286
10.500000000000000    -3.099692981515271
11.000000000000000    -3.743016416006858
11.500000000000000    -4.561285665322103
12.000000000000000    -5.626417330979701
12.500000000000000    -7.056497584768850
13.000000000000000    -9.064388698010729
13.500000000000000   -12.106015367138834
14.000000000000000   -17.539508978700731
14.500000000000000   -34.439757462317672
15.000000000000000   -18.025302655632419
15.500000000000000   -11.864635613383482
16.000000000000000    -8.422233572559168
16.500000000000000    -6.149917078778096
17.000000000000000    -4.550953953358256
17.500000000000000    -3.392979207900604
18.000000000000000    -2.540590411434001
18.500000000000000    -1.906672358905968
19.000000000000000    -1.432916626636847
19.500000000000000    -1.077235160534775
20.000000000000000    -0.809371626339241
