Frequencia(GHZ) Atenuacao(dB)
2.000000000000000    -1.057573748653792
2.125000000000000    -1.268760175035252
2.250000000000000    -1.519104121950856
2.375000000000000    -1.816566280719844
2.500000000000000    -2.171799125987600
2.625000000000000    -2.597993636011264
2.750000000000000    -3.111304514334663
2.875000000000000    -3.733063317506798
3.000000000000000    -4.491176988550382
3.125000000000000    -5.422692863212821
3.250000000000000    -6.580111709453648
3.375000000000000    -8.039565291821985
3.500000000000000    -9.928070803481056
3.625000000000000   -12.483941952836396
3.750000000000000   -16.254289029921186
3.875000000000000   -23.153309771774538
4.000000000000000   -36.579683347011454
4.125000000000000   -20.420625666598834
4.250000000000000   -15.259767207148167
4.375000000000000   -12.205866554858476
4.500000000000000   -10.094373405864534
4.625000000000000    -8.523888875236173
4.750000000000000    -7.305091596783126
4.875000000000000    -6.332566496843558
5.000000000000000    -5.541088583377457
5.125000000000000    -4.887068684923243
5.250000000000000    -4.339802411238789
5.375000000000000    -3.877123495510771
5.500000000000000    -3.482431976686018
5.625000000000000    -3.143107904904769
5.750000000000000    -2.849312243076161
5.875000000000000    -2.593288935886281
6.000000000000000    -2.368860532450794
