Frequencia(GHZ) Atenuacao(dB)
10.000000000000000    -1.046422281506213
10.500000000000000    -1.385714076035475
11.000000000000000    -1.875451471566213
11.500000000000000    -2.607720193001781
12.000000000000000    -3.747416117245268
12.500000000000000    -5.614881652325674
13.000000000000000    -8.928840804738842
13.500000000000000   -16.159768226381463
14.000000000000000   -23.696720289201387
14.500000000000000   -11.359477165231894
15.000000000000000    -7.071667405856000
15.500000000000000    -4.789090998379497
16.000000000000000    -3.418436425097324
16.500000000000000    -2.539279698853153
17.000000000000000    -1.947435825639007
17.500000000000000    -1.532660063900215
18.000000000000000    -1.232458966253525
18.500000000000000    -1.008721780489771
19.000000000000000    -0.837969272375180
19.500000000000000    -0.704772333309507
20.000000000000000    -0.598975628913080
