Frequencia(GHZ) Atenuacao(dB)
15.000000000000000    -3.163399732039903
15.500000000000000    -3.555388405955841
16.000000000000000    -4.002129183577218
16.500000000000000    -4.513971592478383
17.000000000000000    -5.104036512579117
17.500000000000000    -5.789334440126448
18.000000000000000    -6.592367472310184
18.500000000000000    -7.543979020379557
19.000000000000000    -8.688412116951735
19.500000000000000   -10.092969271364591
20.000000000000000   -11.867730456905040
20.500000000000000   -14.215614161424590
21.000000000000000   -17.580119211651287
21.500000000000000   -23.293159786932513
22.000000000000000   -36.153784061624606
22.500000000000000   -23.464715534137266
23.000000000000000   -17.573425161429149
23.500000000000000   -14.107073700730485
24.000000000000000   -11.682181755816455
24.500000000000000    -9.844214096909591
25.000000000000000    -8.387356511038870
25.500000000000000    -7.199993953373689
26.000000000000000    -6.214192113044032
26.500000000000000    -5.385048029174511
27.000000000000000    -4.681084040582985
27.500000000000000    -4.079231245422144
28.000000000000000    -3.561570628439162
28.500000000000000    -3.114525896581800
29.000000000000000    -2.726997011246645
29.500000000000000    -2.389966716062330
30.000000000000000    -2.096053835140684
