Frequencia(GHZ) Atenuacao(dB)
 2.000000000000000    -1.401073997823452
 2.500000000000000    -2.122057291798878
 3.000000000000000    -2.964194097977799
 3.500000000000000    -3.923711594775344
 4.000000000000000    -5.006446572123914
 4.500000000000000    -6.231128342731297
 5.000000000000000    -7.633641721036027
 5.500000000000000    -9.277838550353394
 6.000000000000000   -11.277974341040606
 6.500000000000000   -13.857942082079239
 7.000000000000000   -17.543476593921163
 7.500000000000000   -24.154456537146544
 8.000000000000000   -39.815824508199931
 8.500000000000000   -21.523914155050473
 9.000000000000000   -15.894776817727863
 9.500000000000000   -12.386523882134544
10.000000000000000    -9.788996346105670
10.500000000000000    -7.701736398398586
11.000000000000000    -5.948120372877845
11.500000000000000    -4.442175078805618
12.000000000000000    -3.145199613946109
