Frequencia(GHZ) Atenuacao(dB)
 1.000000000000000    -0.285074756564971
 1.500000000000000    -0.673175307879624
 2.000000000000000    -1.289163297383527
 2.500000000000000    -2.224464197737516
 3.000000000000000    -3.629593691865954
 3.500000000000000    -5.766034774388018
 4.000000000000000    -9.175585685011628
 4.500000000000000   -15.554225410139965
 5.000000000000000   -36.578800814378233
 5.500000000000000   -14.691632006158589
 6.000000000000000    -9.523656140184789
 6.500000000000000    -6.725286796248383
 7.000000000000000    -4.944368879023262
 7.500000000000000    -3.722230025322784
 8.000000000000000    -2.844260155545064
 8.500000000000000    -2.192241901116019
 9.000000000000000    -1.695724990139232
 9.500000000000000    -1.310066048472630
10.000000000000000    -1.005629906450337
