Frequencia(GHZ) Atenuacao(dB)
 5.000000000000000    -0.137706349781184
 5.500000000000000    -0.182793924571204
 6.000000000000000    -0.242372335237782
 6.500000000000000    -0.322688216667367
 7.000000000000000    -0.433680462833249
 7.500000000000000    -0.591849579121410
 8.000000000000000    -0.826318596533524
 8.500000000000000    -1.190900591460082
 9.000000000000000    -1.791615277116888
 9.500000000000000    -2.859566825030984
10.000000000000000    -4.948215850665723
10.500000000000000    -9.715169136017154
11.000000000000000   -38.165470996922487
11.500000000000000   -10.332353223670466
12.000000000000000    -5.255794717597680
12.500000000000000    -3.057114513286839
13.000000000000000    -1.926537226825694
13.500000000000000    -1.279300695154453
14.000000000000000    -0.871714976485059
14.500000000000000    -0.579982890541254
15.000000000000000    -1.225828008087083
