Frequencia(GHZ) Atenuacao(dB)
10.000000000000000    -1.173360939775545
10.500000000000000    -1.483169095760722
11.000000000000000    -1.898527553994170
11.500000000000000    -2.467931219600320
12.000000000000000    -3.268899974497745
12.500000000000000    -4.430023484675945
13.000000000000000    -6.179328825695682
13.500000000000000    -8.979652626251271
14.000000000000000   -14.105468753333611
14.500000000000000   -31.472252600825712
15.000000000000000   -16.444465643744074
15.500000000000000   -10.164889939649036
16.000000000000000    -6.984935678922282
16.500000000000000    -5.046665200730344
17.000000000000000    -3.771997601703468
17.500000000000000    -2.894170473089370
18.000000000000000    -2.269395059654553
18.500000000000000    -1.811576068694761
19.000000000000000    -1.468396085839409
19.500000000000000    -1.205448520857384
20.000000000000000    -1.000402605727246
