Frequencia(GHZ) Atenuacao(dB)
 8.000000000000000    -1.085107535050031
 8.500000000000000    -1.415367594897316
 9.000000000000000    -1.877021739524013
 9.500000000000000    -2.544114502135164
10.000000000000000    -3.546312408265775
10.500000000000000    -5.126725958510012
11.000000000000000    -7.798895881886470
11.500000000000000   -13.011927931271471
12.000000000000000   -31.413260322719356
12.500000000000000   -13.830543647148909
13.000000000000000    -8.111005344080024
13.500000000000000    -5.254136484233481
14.000000000000000    -3.586861780878018
14.500000000000000    -2.542472531071452
15.000000000000000    -1.856460992937820
15.500000000000000    -1.388589851245098
16.000000000000000    -1.058713034285363
16.500000000000000    -0.820026238872705
17.000000000000000    -0.643084234610269
17.500000000000000    -0.509431125110159
18.000000000000000    -0.406865794612798
