Frequencia(GHZ) Atenuacao(dB)
 2.000000000000000    -0.640256227368553
 2.500000000000000    -1.019777951817047
 3.000000000000000    -1.508815947564610
 3.500000000000000    -2.126143385056971
 4.000000000000000    -2.897615716361327
 4.500000000000000    -3.859544655450354
 5.000000000000000    -5.065345372884366
 5.500000000000000    -6.598226680201104
 6.000000000000000    -8.600682837096459
 6.500000000000000   -11.353469574846185
 7.000000000000000   -15.556810854750568
 7.500000000000000   -24.162230636392604
 8.000000000000000   -27.414394609197668
 8.500000000000000   -16.818291935270576
 9.000000000000000   -12.321882603586440
 9.500000000000000    -9.506313954888476
10.000000000000000    -7.507522216211141
10.500000000000000    -5.998172670256593
11.000000000000000    -4.817054644491376
11.500000000000000    -3.871934254529925
12.000000000000000    -3.104559465609803
