Frequencia(GHZ) Atenuacao(dB)
 2.000000000000000    -1.067053859250023
 2.500000000000000    -1.666192660685384
 3.000000000000000    -2.404585182978343
 3.500000000000000    -3.293367957436861
 4.000000000000000    -4.352807262248856
 4.500000000000000    -5.617673590083873
 5.000000000000000    -7.147292066443479
 5.500000000000000    -9.046199627921128
 6.000000000000000   -11.516057651953927
 6.500000000000000   -15.014304988652887
 7.000000000000000   -21.005531171343986
 7.500000000000000   -59.186753100073737
 8.000000000000000   -21.076313863468567
 8.500000000000000   -15.046820279406434
 9.000000000000000   -11.537014874603098
 9.500000000000000    -9.061762664678117
10.000000000000000    -7.163096441055536
10.500000000000000    -5.637207926828951
11.000000000000000    -4.378630302037614
11.500000000000000    -3.326935488146375
12.000000000000000    -2.445705460143976
