Frequencia(GHZ) Atenuacao(dB)
 2.000000000000000    -1.168900124970024
 2.500000000000000    -1.789713787199582
 3.000000000000000    -2.526679937820449
 3.500000000000000    -3.378281038303518
 4.000000000000000    -4.349748153656907
 4.500000000000000    -5.456080173735641
 5.000000000000000    -6.725136822507550
 5.500000000000000    -8.205800217742674
 6.000000000000000    -9.982337562460971
 6.500000000000000   -12.210515354528734
 7.000000000000000   -15.218251056650510
 7.500000000000000   -19.892780730946331
 8.000000000000000   -30.984707783053281
 8.500000000000000   -26.711974558888105
 9.000000000000000   -18.249914746368479
 9.500000000000000   -13.946072515496404
10.000000000000000   -10.998806689970850
10.500000000000000    -8.731918904456725
11.000000000000000    -6.879792019483870
11.500000000000000    -5.314295014495415
12.000000000000000    -3.969923347642927
