Frequencia(GHZ) Atenuacao(dB)
 8.000000000000000    -6.284272001564501
 8.500000000000000    -7.196787010997456
 9.000000000000000    -8.228954865739299
 9.500000000000000    -9.415269361538076
10.000000000000000   -10.805482781635874
10.500000000000000   -12.483551125980663
11.000000000000000   -14.599303313452639
11.500000000000000   -17.451080250469030
12.000000000000000   -21.821056454787154
12.500000000000000   -31.364821318064958
13.000000000000000   -30.977427323061114
13.500000000000000   -21.425705074659145
14.000000000000000   -16.894234887936907
14.500000000000000   -13.858972941428670
15.000000000000000   -11.553408021821951
15.500000000000000    -9.681103037933461
16.000000000000000    -8.096867883778868
16.500000000000000    -6.719431562363668
17.000000000000000    -5.500119387283456
17.500000000000000    -4.408858460063829
18.000000000000000    -3.427196551163608
