Frequencia(GHZ) Atenuacao(dB)
 5.000000000000000    -0.304758438996223
 5.500000000000000    -0.403910118638889
 6.000000000000000    -0.536757473179941
 6.500000000000000    -0.719732805349043
 7.000000000000000    -0.980626046273507
 7.500000000000000    -1.369100177939167
 8.000000000000000    -1.979983487727906
 8.500000000000000    -3.009099707887221
 9.000000000000000    -4.906108610037452
 9.500000000000000    -8.931848104068612
10.000000000000000   -22.823179625724485
10.500000000000000   -12.322059735831957
11.000000000000000    -5.950842473555217
11.500000000000000    -3.294022975488570
12.000000000000000    -1.962786891938176
12.500000000000000    -1.229742381831034
13.000000000000000    -0.795345561344566
13.500000000000000    -0.521103951216205
14.000000000000000    -0.336343886415294
14.500000000000000    -0.196362963521120
15.000000000000000    -1.182474651688400
