Frequencia(GHZ) Atenuacao(dB)
 5.000000000000000    -2.845469955030656
 5.500000000000000    -3.932840072222965
 6.000000000000000    -5.518029892208773
 6.500000000000000    -7.976984342862496
 7.000000000000000   -12.280093023901697
 7.500000000000000   -23.344810003191398
 8.000000000000000   -17.915377187706461
 8.500000000000000   -10.143941031696400
 9.000000000000000    -6.430874371108976
 9.500000000000000    -4.222943372189508
10.000000000000000    -2.816761561895917
10.500000000000000    -1.894025007069192
11.000000000000000    -1.279064014921046
11.500000000000000    -0.866369869524460
12.000000000000000    -0.589957156912244
12.500000000000000    -0.407487766574547
13.000000000000000    -0.291214149525909
13.500000000000000    -0.222609406894379
14.000000000000000    -0.189084813106237
14.500000000000000    -0.181944893121290
15.000000000000000    -0.195158351705011
