Frequencia(GHZ) Atenuacao(dB)
 2.000000000000000    -1.483403937118307
 2.500000000000000    -2.319896889478176
 3.000000000000000    -3.364587069283548
 3.500000000000000    -4.651139767449196
 4.000000000000000    -6.241973122806319
 4.500000000000000    -8.254064138508301
 5.000000000000000   -10.924472132847823
 5.500000000000000   -14.829368702004626
 6.000000000000000   -22.100121763083408
 6.500000000000000   -32.446202593502555
 7.000000000000000   -18.076687084903678
 7.500000000000000   -12.989139420451044
 8.000000000000000    -9.862515714152574
 8.500000000000000    -7.629376809806032
 9.000000000000000    -5.918070981071818
 9.500000000000000    -4.556758318544425
10.000000000000000    -3.452748455483267
10.500000000000000    -2.551012578836150
11.000000000000000    -1.816931081705880
11.500000000000000    -1.227428725224244
12.000000000000000    -0.766834475979992
