Frequencia(GHZ) Atenuacao(dB)
 5.000000000000000    -6.452497519155421
 5.250000000000000    -6.949474955413540
 5.500000000000000    -7.462666803181984
 5.750000000000000    -7.994491317849707
 6.000000000000000    -8.547905461775375
 6.250000000000000    -9.126600728342744
 6.500000000000000    -9.735076993452042
 6.750000000000000   -10.378983997329998
 7.000000000000000   -11.065385403753242
 7.250000000000000   -11.803217385706104
 7.500000000000000   -12.604194801501997
 7.750000000000000   -13.483696269042296
 8.000000000000000   -14.462685931741065
 8.250000000000000   -15.570837936589065
 8.500000000000000   -16.851812080317323
 8.750000000000000   -18.373613010508045
 9.000000000000000   -20.251589641801111
 9.250000000000000   -22.703324674588877
 9.500000000000000   -26.224596317357570
 9.750000000000000   -32.410290623109397
10.000000000000000   -44.215435651937931
10.250000000000000   -30.391451256811255
10.500000000000000   -24.716948949662694
10.750000000000000   -21.168506865309666
11.000000000000000   -18.544446699120638
11.250000000000000   -16.434037231621225
11.500000000000000   -14.647520148688015
11.750000000000000   -13.082252821063218
12.000000000000000   -11.676890435943950
12.250000000000000   -10.391383767703603
12.500000000000000    -9.199179677016367
12.750000000000000    -8.082358454572443
13.000000000000000    -7.029109828368748
13.250000000000000    -6.032525297370847
13.500000000000000    -5.089611801848138
13.750000000000000    -4.201604338697294
14.000000000000000    -3.373793124353221
14.250000000000000    -2.615861302506056
14.500000000000000    -1.943467742573498
14.750000000000000    -1.380791228560032
15.000000000000000    -0.976088703015921