Frequencia(GHZ) Atenuacao(dB)
 8.000000000000000    -2.639021877919479
 8.500000000000000    -3.203441119991606
 9.000000000000000    -3.917454226796604
 9.500000000000000    -4.846485302513723
10.000000000000000    -6.100272205911168
10.500000000000000    -7.880449908173984
11.000000000000000   -10.617874454627612
11.500000000000000   -15.551700012422456
12.000000000000000   -30.114655059551978
12.500000000000000   -16.769106002624067
13.000000000000000   -10.192118350111631
13.500000000000000    -6.619373851403468
14.000000000000000    -4.362554470926790
14.500000000000000    -2.879360245311369
15.000000000000000    -1.899729383232790
15.500000000000000    -1.257029009572589
16.000000000000000    -0.841750445481464
16.500000000000000    -0.580333568749242
17.000000000000000    -0.423619532506342
17.500000000000000    -0.338763141677282
18.000000000000000    -0.303719728735175
