Frequencia(GHZ) Atenuacao(dB)
 1.000000000000000    -0.557990308975383
 1.500000000000000    -1.291723182396523
 2.000000000000000    -2.428088443577489
 2.500000000000000    -4.116586137695502
 3.000000000000000    -6.640976436473384
 3.500000000000000   -10.675700691984408
 4.000000000000000   -18.909917887116276
 4.500000000000000   -24.059520737446913
 5.000000000000000   -12.914795961574189
 5.500000000000000    -8.580950919011396
 6.000000000000000    -6.037770145618129
 6.500000000000000    -4.349434565347225
 7.000000000000000    -3.160327232986147
 7.500000000000000    -2.294189793048344
 8.000000000000000    -1.650785896917278
 8.500000000000000    -1.167473477810919
 9.000000000000000    -0.803465171129204
 9.500000000000000    -0.531432917563893
10.000000000000000    -0.332911241257852
