Frequencia(GHZ) Atenuacao(dB)
 5.000000000000000    -3.787537561836152
 5.500000000000000    -4.593449413050857
 6.000000000000000    -5.503652861048583
 6.500000000000000    -6.539569737568377
 7.000000000000000    -7.733526696452786
 7.500000000000000    -9.135861296376156
 8.000000000000000   -10.829256820090997
 8.500000000000000   -12.961274301357083
 9.000000000000000   -15.832648477963478
 9.500000000000000   -20.224646909693906
10.000000000000000   -29.773996639875499
10.500000000000000   -29.392692429149470
11.000000000000000   -19.905076380536652
11.500000000000000   -15.416760135415476
12.000000000000000   -12.426314981056899
12.500000000000000   -10.174421385408985
13.000000000000000    -8.366095928885180
13.500000000000000    -6.858204383700135
14.000000000000000    -5.572152169504989
14.500000000000000    -4.461468819195611
15.000000000000000    -3.497989962157090
