Frequencia(GHZ) Atenuacao(dB)
 1.000000000000000    -0.831540453976837
 1.250000000000000    -1.241478113550738
 1.500000000000000    -1.706175030962387
 1.750000000000000    -2.213771644347454
 2.000000000000000    -2.754485398597021
 2.250000000000000    -3.320787307791424
 2.500000000000000    -3.907299250359996
 2.750000000000000    -4.510581515847242
 3.000000000000000    -5.128838544526773
 3.250000000000000    -5.761754296932744
 3.500000000000000    -6.410244785342597
 3.750000000000000    -7.076426713037458
 4.000000000000000    -7.763556419323706
 4.250000000000000    -8.476144044814093
 4.500000000000000    -9.220103785951940
 4.750000000000000   -10.003106963993645
 5.000000000000000   -10.835110878750017
 5.250000000000000   -11.729183324288625
 5.500000000000000   -12.702819265911922
 5.750000000000000   -13.780245690523952
 6.000000000000000   -14.996091489897356
 6.250000000000000   -16.402864050027155
 6.500000000000000   -18.084692012640698
 6.750000000000000   -20.190386596817518
 7.000000000000000   -23.023023289970141
 7.250000000000000   -27.362699073799224
 7.500000000000000   -36.710826905721007
 7.750000000000000   -35.779517414232522
 8.000000000000000   -26.581443406265599
 8.250000000000000   -22.006378928101768
 8.500000000000000   -18.873797429875410
 8.750000000000000   -16.440867650696280
 9.000000000000000   -14.415582883258249
 9.250000000000000   -12.651753191201880
 9.500000000000000   -11.066359764636895
 9.750000000000000    -9.607836285962785
10.000000000000000    -8.242748164278590