Frequencia(GHZ) Atenuacao(dB)
 1.000000000000000    -0.406020131500244
 1.250000000000000    -0.623090440826236
 1.500000000000000    -0.885475308804062
 1.750000000000000    -1.193061016069465
 2.000000000000000    -1.546090732022775
 2.250000000000000    -1.945310990245577
 2.500000000000000    -2.392134281421497
 2.750000000000000    -2.888851351557513
 3.000000000000000    -3.438812739539215
 3.250000000000000    -4.046955428705553
 3.500000000000000    -4.719917415093543
 3.750000000000000    -5.466870773487009
 4.000000000000000    -6.300472880812636
 4.250000000000000    -7.238201025971529
 4.500000000000000    -8.304837592538386
 4.750000000000000    -9.536764662601376
 5.000000000000000   -10.989355472788283
 5.250000000000000   -12.753072030916137
 5.500000000000000   -14.990612635322901
 5.750000000000000   -18.039722034785040
 6.000000000000000   -22.813917366590648
 6.250000000000000   -33.989265117453677
 6.500000000000000   -28.800244586434808
 6.750000000000000   -20.928370506950419
 7.000000000000000   -16.835396384178544
 7.250000000000000   -14.059296555452933
 7.500000000000000   -11.960984347028717
 7.750000000000000   -10.278952040501435
 8.000000000000000    -8.880720494645679
 8.250000000000000    -7.690461320632726
 8.500000000000000    -6.660691670013409
 8.750000000000000    -5.759977778289664
 9.000000000000000    -4.967176498931423
 9.250000000000000    -4.264784308175015
 9.500000000000000    -3.642525699519027
 9.750000000000000    -3.091230204968515
10.000000000000000    -2.603714916786944