Frequencia(GHZ) Atenuacao(dB)
 1.000000000000000    -0.240941599343285
 1.250000000000000    -0.388555168842567
 1.500000000000000    -0.582532356518611
 1.750000000000000    -0.832592399437488
 2.000000000000000    -1.151741706728287
 2.250000000000000    -1.557317939826231
 2.500000000000000    -2.072321554203847
 2.750000000000000    -2.727503308296622
 3.000000000000000    -3.564553104267903
 3.250000000000000    -4.641726487016851
 3.500000000000000    -6.044719045326871
 3.750000000000000    -7.910818414631322
 4.000000000000000   -10.494673454512306
 4.250000000000000   -14.386764541199073
 4.500000000000000   -21.752652354161874
 4.750000000000000   -31.850528518691132
 5.000000000000000   -17.858689927738524
 5.250000000000000   -13.011432728480285
 5.500000000000000   -10.142168542106001
 5.750000000000000    -8.179441925537907
 6.000000000000000    -6.740162479177244
 6.250000000000000    -5.640168006119277
 6.500000000000000    -4.776057747726992
 6.750000000000000    -4.082847327556534
 7.000000000000000    -3.517544222665213
 7.250000000000000    -3.050351005923787
 7.500000000000000    -2.659653572635745
 7.750000000000000    -2.329664024761868
 8.000000000000000    -2.048386556137667
 8.250000000000000    -1.806740738736703
 8.500000000000000    -1.597525968605263
 8.750000000000000    -1.415210332400045
 9.000000000000000    -1.255310640152033
 9.250000000000000    -1.114385737730999
 9.500000000000000    -0.989394931510836
 9.750000000000000    -0.878107584249503
10.000000000000000    -0.778507068078656
