Frequencia(GHZ) Atenuacao(dB)
10.000000000000000    -0.602446925303317
10.500000000000000    -0.726749833837579
11.000000000000000    -0.880455430470384
11.500000000000000    -1.072703182821671
12.000000000000000    -1.316261571208105
12.500000000000000    -1.629171985841691
13.000000000000000    -2.037329814980220
13.500000000000000    -2.578911327884058
14.000000000000000    -3.311290715971940
14.500000000000000    -4.323109108983704
15.000000000000000    -5.760285706982305
15.500000000000000    -7.882699181830404
16.000000000000000   -11.253442246594215
16.500000000000000   -17.703088859869556
17.000000000000000   -34.052942754025430
17.500000000000000   -15.635105135093957
18.000000000000000   -10.468427912703797
18.500000000000000    -7.590505569869908
19.000000000000000    -5.735789003322262
19.500000000000000    -4.459004886703704
20.000000000000000    -3.543501620467389
