Frequencia(GHZ) Atenuacao(dB)
15.000000000000000    -2.918890909542759
15.500000000000000    -3.254592984129867
16.000000000000000    -3.631992158972377
16.500000000000000    -4.058106011047458
17.000000000000000    -4.541477878142947
17.500000000000000    -5.092786779337210
18.000000000000000    -5.725759539153520
18.500000000000000    -6.458055663713668
19.000000000000000    -7.313411725909122
19.500000000000000    -8.324882440464986
20.000000000000000    -9.540482539351340
20.500000000000000   -11.034197279362326
21.000000000000000   -12.931152590780462
21.500000000000000   -15.469715784772724
22.000000000000000   -19.200919285848823
22.500000000000000   -25.978846773527572
23.000000000000000   -34.015782732213381
23.500000000000000   -22.287314391562195
24.000000000000000   -17.200143797707643
24.500000000000000   -14.026316574812695
25.000000000000000   -11.744444275094690
25.500000000000000    -9.984998789241974
26.000000000000000    -8.572372880340156
26.500000000000000    -7.408675643863552
27.000000000000000    -6.433227670225765
27.500000000000000    -5.605581606549688
28.000000000000000    -4.897220856564882
28.500000000000000    -4.286814346104893
29.000000000000000    -3.758117584163434
29.500000000000000    -3.298448834095731
30.000000000000000    -2.897285474642630
