Frequencia(GHZ) Atenuacao(dB)
 5.000000000000000    -0.192511812347509
 5.500000000000000    -0.255224178099088
 6.000000000000000    -0.338563295159809
 6.500000000000000    -0.451889727346875
 7.000000000000000    -0.610472029987873
 7.500000000000000    -0.840419447584164
 8.000000000000000    -1.189050110316348
 8.500000000000000    -1.747673331498617
 9.000000000000000    -2.706863660641960
 9.500000000000000    -4.506976564055063
10.000000000000000    -8.361796419952173
10.500000000000000   -21.054308195368257
11.000000000000000   -12.747342282356071
11.500000000000000    -6.141956331873958
12.000000000000000    -3.459968308767921
12.500000000000000    -2.120319789511284
13.000000000000000    -1.375436176237194
13.500000000000000    -0.924472512671687
14.000000000000000    -0.628062222175873
14.500000000000000    -0.407452922383170
15.000000000000000    -2.357524648642898
