Frequencia(GHZ) Atenuacao(dB)
 5.000000000000000    -0.341092016188574
 5.500000000000000    -0.471818418783519
 6.000000000000000    -0.662483840396997
 6.500000000000000    -0.954496478050243
 7.000000000000000    -1.430785041476630
 7.500000000000000    -2.273145536095672
 8.000000000000000    -3.933338220735494
 8.500000000000000    -7.761865607977462
 9.000000000000000   -22.543920477779302
 9.500000000000000   -10.616928165860870
10.000000000000000    -4.827453880057470
10.500000000000000    -2.578222152649393
11.000000000000000    -1.517054569440716
11.500000000000000    -0.955065386977167
12.000000000000000    -0.630240441660216
12.500000000000000    -0.429429428405672
13.000000000000000    -0.298700933943912
13.500000000000000    -0.210036420503810
14.000000000000000    -0.147625452103816
14.500000000000000    -0.100792433617609
15.000000000000000    -0.189999787334059
