Frequencia(GHZ) Atenuacao(dB)
 8.000000000000000    -1.654720827313388
 8.500000000000000    -2.094673843579837
 9.000000000000000    -2.664642533535913
 9.500000000000000    -3.412852515460557
10.000000000000000    -4.410435935041305
10.500000000000000    -5.766184430069190
11.000000000000000    -7.661778240109388
11.500000000000000   -10.450311164748319
12.000000000000000   -15.041020445005145
12.500000000000000   -26.192093553770505
13.000000000000000   -22.124339364665399
13.500000000000000   -14.018540800065265
14.000000000000000   -10.182175558498139
14.500000000000000    -7.792077886435548
15.000000000000000    -6.146705548204762
15.500000000000000    -4.953007403574758
16.000000000000000    -4.057526098749098
16.500000000000000    -3.368966298701700
17.000000000000000    -2.829053064833122
17.500000000000000    -2.398550072645829
18.000000000000000    -2.050245440127745
