Frequencia(GHZ) Atenuacao(dB)
10.000000000000000    -0.758805198786351
10.500000000000000    -0.885724726914139
11.000000000000000    -1.034561237746404
11.500000000000000    -1.210191099092519
12.000000000000000    -1.418824698497591
12.500000000000000    -1.668668460325420
13.000000000000000    -1.970307520628625
13.500000000000000    -2.337864184682539
14.000000000000000    -2.790348125330471
14.500000000000000    -3.353889351540079
15.000000000000000    -4.063991965676705
15.500000000000000    -4.974416343808461
16.000000000000000    -6.162911421266442
16.500000000000000    -7.756203210561941
17.000000000000000    -9.983470975552434
17.500000000000000   -13.347830565956693
18.000000000000000   -19.453950294336213
18.500000000000000   -40.349326808786458
19.000000000000000   -18.489058757388801
19.500000000000000   -12.854556766132172
20.000000000000000    -9.644954036172427
