Frequencia(GHZ) Atenuacao(dB)
 8.000000000000000   -12.376238874611271
 8.500000000000000   -18.335474047344889
 9.000000000000000   -34.914196226539978
 9.500000000000000   -17.035019893189141
10.000000000000000   -11.305751003430791
10.500000000000000    -7.990104834221029
11.000000000000000    -5.760030791772266
11.500000000000000    -4.172891326530167
12.000000000000000    -3.017265696892570
12.500000000000000    -2.169860088340901
13.000000000000000    -1.549491295436835
13.500000000000000    -1.098875294215540
14.000000000000000    -0.776399877574196
14.500000000000000    -0.551286071642879
15.000000000000000    -0.400624360704266
15.500000000000000    -0.307309518448883
16.000000000000000    -0.258573373936293
16.500000000000000    -0.244861183390869
17.000000000000000    -0.259107405241904
17.500000000000000    -0.296151584151984
18.000000000000000    -0.352386417922373
