Frequencia(GHZ) Atenuacao(dB)
 5.000000000000000    -0.209185190718246
 5.500000000000000    -0.287486205709786
 6.000000000000000    -0.399025399421512
 6.500000000000000    -0.564155618191233
 7.000000000000000    -0.821021222575802
 7.500000000000000    -1.246400757804289
 8.000000000000000    -2.011083943010031
 8.500000000000000    -3.538124985544544
 9.000000000000000    -7.077798234789092
 9.500000000000000   -19.589841664525597
10.000000000000000   -11.403173189685011
10.500000000000000    -5.154552177579946
11.000000000000000    -2.804863799251551
11.500000000000000    -1.700857516630003
12.000000000000000    -1.111984077376270
12.500000000000000    -0.766605437800100
13.000000000000000    -0.548448816944730
13.500000000000000    -0.401967094255220
14.000000000000000    -0.297856108336654
14.500000000000000    -0.217414845687649
15.000000000000000    -0.659819482285514
