Frequencia(GHZ) Atenuacao(dB)
 2.000000000000000    -0.708501971063538
 2.500000000000000    -1.154146651318917
 3.000000000000000    -1.756703031126937
 3.500000000000000    -2.561867398751297
 4.000000000000000    -3.636696635764162
 4.500000000000000    -5.084113883142424
 5.000000000000000    -7.077680513442273
 5.500000000000000    -9.959014169129363
 6.000000000000000   -14.621256957653557
 6.500000000000000   -25.751480390619093
 7.000000000000000   -21.854855567208617
 7.500000000000000   -13.727389225184055
 8.000000000000000    -9.861862475484090
 8.500000000000000    -7.429234745143032
 9.000000000000000    -5.733076420163348
 9.500000000000000    -4.485775878744492
10.000000000000000    -3.538520984475990
10.500000000000000    -2.802852579629060
11.000000000000000    -2.222220768033249
11.500000000000000    -1.758230114907526
12.000000000000000    -1.384181760209671
