Frequencia(GHZ) Atenuacao(dB)
 5.000000000000000    -0.434824616559040
 5.500000000000000    -0.550181488595349
 6.000000000000000    -0.691696658149797
 6.500000000000000    -0.867523151186632
 7.000000000000000    -1.089745139318709
 7.500000000000000    -1.376775290668975
 8.000000000000000    -1.757964982252701
 8.500000000000000    -2.282191243200450
 9.000000000000000    -3.035742140278294
 9.500000000000000    -4.183388160481265
10.000000000000000    -6.076810552732340
10.500000000000000    -9.641416731079623
11.000000000000000   -19.294003765422417
11.500000000000000   -15.974579927326072
12.000000000000000    -7.408901616748564
12.500000000000000    -3.772661684213269
13.000000000000000    -1.901600888572025
13.500000000000000    -0.896889817402469
14.000000000000000    -0.355540839485539
14.500000000000000    -0.135230315079912
15.000000000000000    -8.709306381903986
