Frequencia(GHZ) Atenuacao(dB)
 5.000000000000000    -0.814795451320384
 5.500000000000000    -1.038097520735970
 6.000000000000000    -1.317885141656858
 6.500000000000000    -1.675175001950166
 7.000000000000000    -2.143030721182429
 7.500000000000000    -2.775495618279485
 8.000000000000000    -3.665934000368231
 8.500000000000000    -4.987859109864415
 9.000000000000000    -7.102575441650910
 9.500000000000000   -10.945388829680368
10.000000000000000   -20.836644423257823
10.500000000000000   -16.705071023390818
11.000000000000000    -8.620793177000968
11.500000000000000    -4.930899049544225
12.000000000000000    -2.904230664603068
12.500000000000000    -1.740457798443225
13.000000000000000    -1.061223219819728
13.500000000000000    -0.662881886064557
14.000000000000000    -0.431771390293191
14.500000000000000    -0.303140237361077
15.000000000000000    -0.239121415431924
