Frequencia(GHZ) Atenuacao(dB)
 8.000000000000000    -2.638282848734154
 8.500000000000000    -3.193406136452452
 9.000000000000000    -3.866335586768359
 9.500000000000000    -4.689813424242717
10.000000000000000    -5.709804739583911
10.500000000000000    -6.994802945187681
11.000000000000000    -8.654301537412730
11.500000000000000   -10.884870152756507
12.000000000000000   -14.106629460296109
12.500000000000000   -19.567591222577072
13.000000000000000   -37.712296145938183
13.500000000000000   -21.581770173568756
14.000000000000000   -15.124209098878271
14.500000000000000   -11.573639051151757
15.000000000000000    -9.182299563643561
15.500000000000000    -7.428556029889489
16.000000000000000    -6.082901225432778
16.500000000000000    -5.021210033250335
17.000000000000000    -4.167773557280198
17.500000000000000    -3.472594957473311
18.000000000000000    -2.900456820250640
