Frequencia(GHZ) Atenuacao(dB)
 5.000000000000000    -0.876455182718774
 5.500000000000000    -1.154149546916098
 6.000000000000000    -1.514453830584031
 6.500000000000000    -1.987717130098770
 7.000000000000000    -2.618344485049997
 7.500000000000000    -3.473254252287694
 8.000000000000000    -4.656697726346873
 8.500000000000000    -6.342453616038907
 9.000000000000000    -8.857294937101313
 9.500000000000000   -12.986727896599071
10.000000000000000   -22.115154957704981
10.500000000000000   -22.907094104971549
11.000000000000000   -13.446564723620424
11.500000000000000    -9.338757539785233
12.000000000000000    -6.871514328861291
12.500000000000000    -5.222766471126447
13.000000000000000    -4.059368015104729
13.500000000000000    -3.209428532290548
14.000000000000000    -2.572221329767888
14.500000000000000    -2.084524794398370
15.000000000000000    -1.704547906343416
