Frequencia(GHZ) Atenuacao(dB)
 1.000000000000000    -0.407255340867090
 1.250000000000000    -0.618429140625850
 1.500000000000000    -0.867702363712328
 1.750000000000000    -1.151933402694854
 2.000000000000000    -1.468071037100636
 2.250000000000000    -1.813309414499218
 2.500000000000000    -2.185201785649239
 2.750000000000000    -2.581757419948498
 3.000000000000000    -3.001483244233897
 3.250000000000000    -3.443419613834408
 3.500000000000000    -3.907201500818260
 3.750000000000000    -4.393046907908022
 4.000000000000000    -4.901780863944381
 4.250000000000000    -5.434913851668278
 4.500000000000000    -5.994714386264333
 4.750000000000000    -6.584269335634968
 5.000000000000000    -7.207715965197951
 5.250000000000000    -7.870413801575101
 5.500000000000000    -8.579322870524113
 5.750000000000000    -9.343389000479569
 6.000000000000000   -10.174589617119446
 6.250000000000000   -11.088737170720124
 6.500000000000000   -12.107830416772519
 6.750000000000000   -13.262896660658678
 7.000000000000000   -14.600098054390070
 7.250000000000000   -16.192355926508661
 7.500000000000000   -18.164009165168018
 7.750000000000000   -20.755405135119933
 8.000000000000000   -24.532931526255933
 8.250000000000000   -31.480868819608272
 8.500000000000000   -39.956287902105309
 8.750000000000000   -27.315573503948062
 9.000000000000000   -22.091689700797595
 9.250000000000000   -18.757180110375050
 9.500000000000000   -16.279939354621504
 9.750000000000000   -14.291863541448167
10.000000000000000   -12.619454564200764