Frequencia(GHZ) Atenuacao(dB)
 8.000000000000000    -4.639913365064263
 8.500000000000000    -5.623204757329073
 9.000000000000000    -6.842605628204089
 9.500000000000000    -8.393363300641367
10.000000000000000   -10.442814778793204
10.500000000000000   -13.334153320795865
11.000000000000000   -17.989444122938625
11.500000000000000   -29.270865144806859
12.000000000000000   -24.000199705808374
12.500000000000000   -16.036072462523080
13.000000000000000   -11.983047550290747
13.500000000000000    -9.303687501703498
14.000000000000000    -7.348780913851319
14.500000000000000    -5.851371298023193
15.000000000000000    -4.673229621333148
15.500000000000000    -3.731560779122119
16.000000000000000    -2.972404367751735
16.500000000000000    -2.357492832378144
17.000000000000000    -1.858579581144386
17.500000000000000    -1.454186262323807
18.000000000000000    -1.127448044572751
