Frequencia(GHZ) Atenuacao(dB)
15.000000000000000    -2.101930217773024
15.500000000000000    -2.425801908975687
16.000000000000000    -2.808723498236301
16.500000000000000    -3.264602005220587
17.000000000000000    -3.811181487534315
17.500000000000000    -4.471768405585669
18.000000000000000    -5.278023357108627
18.500000000000000    -6.273712277682897
19.000000000000000    -7.523090757069944
19.500000000000000    -9.127423335287414
20.000000000000000   -11.262964238706525
20.500000000000000   -14.293031427256514
21.000000000000000   -19.207030303494673
21.500000000000000   -31.119052054456962
22.000000000000000   -23.860350431221384
22.500000000000000   -16.683722488544614
23.000000000000000   -12.903066450180624
23.500000000000000   -10.401115793066278
24.000000000000000    -8.582762942281745
24.500000000000000    -7.193727244001335
25.000000000000000    -6.099679552517878
25.500000000000000    -5.219937024043365
26.000000000000000    -4.501628026854091
26.500000000000000    -3.907978427374270
27.000000000000000    -3.412636710719990
27.500000000000000    -2.995648875517129
28.000000000000000    -2.642030345726856
28.500000000000000    -2.340025995234846
29.000000000000000    -2.080534878410473
29.500000000000000    -1.856263972484051
30.000000000000000    -1.661411687954331
