Frequencia(GHZ) Atenuacao(dB)
15.000000000000000    -4.567464371171706
15.500000000000000    -5.052910851085900
16.000000000000000    -5.598007536734746
16.500000000000000    -6.214590604218312
17.000000000000000    -6.918068640895966
17.500000000000000    -7.729021999820401
18.000000000000000    -8.676291023097228
18.500000000000000    -9.801177563792896
19.000000000000000   -11.166698687456973
19.500000000000000   -12.876405146548139
20.000000000000000   -15.118385949486525
20.500000000000000   -18.295293754143010
21.000000000000000   -23.543111954512035
21.500000000000000   -34.726609078092672
22.000000000000000   -24.967078468841901
22.500000000000000   -18.705834108967295
23.000000000000000   -15.016926464557717
23.500000000000000   -12.415820517517888
24.000000000000000   -10.421354172155635
24.500000000000000    -8.819443397137327
25.000000000000000    -7.496695645170497
25.500000000000000    -6.385428494367190
26.000000000000000    -5.441761593173465
26.500000000000000    -4.635035638315357
27.000000000000000    -3.943057024961498
27.500000000000000    -3.348787759993309
28.000000000000000    -2.838393781154574
28.500000000000000    -2.400579858267606
29.000000000000000    -2.025859238179831
29.500000000000000    -1.706169877348255
30.000000000000000    -1.434457279018855
