Frequencia(GHZ) Atenuacao(dB)
 5.000000000000000    -0.123370264621054
 5.500000000000000    -0.157975994647235
 6.000000000000000    -0.200692110324022
 6.500000000000000    -0.253834308421234
 7.000000000000000    -0.320691830403522
 7.500000000000000    -0.406024833029983
 8.000000000000000    -0.516945172525220
 8.500000000000000    -0.664288455643161
 9.000000000000000    -0.865020769156189
 9.500000000000000    -1.147802587215036
10.000000000000000    -1.562292731865909
10.500000000000000    -2.200180351990264
11.000000000000000    -3.245551288616685
11.500000000000000    -5.108500725797717
12.000000000000000    -8.904283757416616
12.500000000000000   -20.752146654068738
13.000000000000000   -13.425192844821380
13.500000000000000    -6.185262232406342
14.000000000000000    -3.096914661585871
14.500000000000000    -1.425336134573045
15.000000000000000    -0.756154741054268
