Frequencia(GHZ) Atenuacao(dB)
 8.000000000000000    -2.506253599442706
 8.500000000000000    -3.200164333186252
 9.000000000000000    -4.113695812410106
 9.500000000000000    -5.338007855607073
10.000000000000000    -7.020608074794339
10.500000000000000    -9.431265928369697
11.000000000000000   -13.186266907163896
11.500000000000000   -20.528426730122526
12.000000000000000   -29.484894668357345
12.500000000000000   -16.136482383533394
13.000000000000000   -11.347598670196730
13.500000000000000    -8.531989349520174
14.000000000000000    -6.638250432708087
14.500000000000000    -5.281252890466218
15.000000000000000    -4.271446786415854
15.500000000000000    -3.500055995741103
16.000000000000000    -2.898801715185761
16.500000000000000    -2.422205023637392
17.000000000000000    -2.039005738322516
17.500000000000000    -1.726940920747872
18.000000000000000    -1.469946173560322
