Frequencia(GHZ) Atenuacao(dB)
 1.000000000000000    -0.148675987761883
 1.500000000000000    -0.342447059040201
 2.000000000000000    -0.640870442330257
 2.500000000000000    -1.078900673893075
 3.000000000000000    -1.711667950292017
 3.500000000000000    -2.625770942959305
 4.000000000000000    -3.960443929313571
 4.500000000000000    -5.954974926159766
 5.000000000000000    -9.090907187144838
 5.500000000000000   -14.754339244783310
 6.000000000000000   -38.594609543234050
 6.500000000000000   -16.180401375477949
 7.000000000000000   -10.344746282985236
 7.500000000000000    -7.296997566260173
 8.000000000000000    -5.384778636526002
 8.500000000000000    -4.084868077875167
 9.000000000000000    -3.158170040092906
 9.500000000000000    -2.474966921383703
10.000000000000000    -1.958187266989275
