Frequencia(GHZ) Atenuacao(dB)
 1.000000000000000    -0.166508221797903
 1.500000000000000    -0.382856546523207
 2.000000000000000    -0.715984206361590
 2.500000000000000    -1.205054133069712
 3.000000000000000    -1.911888162359102
 3.500000000000000    -2.933970452001970
 4.000000000000000    -4.430107574849554
 4.500000000000000    -6.682127068295836
 5.000000000000000   -10.301011261108240
 5.500000000000000   -17.382620455016731
 6.000000000000000   -28.623069115252846
 6.500000000000000   -14.067277861151130
 7.000000000000000    -9.330839699824429
 7.500000000000000    -6.669015346774012
 8.000000000000000    -4.949409860960081
 8.500000000000000    -3.760984390483799
 9.000000000000000    -2.904450865196200
 9.500000000000000    -2.268091613574299
10.000000000000000    -1.784159206508692
