Frequencia(GHZ) Atenuacao(dB)
15.000000000000000    -2.656799208789686
15.500000000000000    -2.982813845880977
16.000000000000000    -3.352938968037649
16.500000000000000    -3.774955073019231
17.000000000000000    -4.258499218320532
17.500000000000000    -4.815731935074880
18.000000000000000    -5.462113964662004
18.500000000000000    -6.217890374875625
19.000000000000000    -7.110435733231682
19.500000000000000    -8.178233234981200
20.000000000000000    -9.477870082843626
20.500000000000000   -11.099577961443902
21.000000000000000   -13.200694390062729
21.500000000000000   -16.100531498069866
22.000000000000000   -20.627174842986296
22.500000000000000   -30.382009576174230
23.000000000000000   -27.581948508361350
23.500000000000000   -19.503584233100806
24.000000000000000   -15.373429715620292
24.500000000000000   -12.633750278467494
25.000000000000000   -10.613634874754872
25.500000000000000    -9.038595515134714
26.000000000000000    -7.768533261683541
26.500000000000000    -6.721534244923902
27.000000000000000    -5.845172588201981
27.500000000000000    -5.103558486361710
28.000000000000000    -4.470357508049824
28.500000000000000    -3.926372796625560
29.000000000000000    -3.456452374280216
29.500000000000000    -3.048607890762659
30.000000000000000    -2.693237165331241
