Frequencia(GHZ) Atenuacao(dB)
10.000000000000000    -0.970963191510813
10.500000000000000    -1.180297210579761
11.000000000000000    -1.443424248611959
11.500000000000000    -1.778695939850998
12.000000000000000    -2.212553990390223
12.500000000000000    -2.783468349503396
13.000000000000000    -3.549316747935915
13.500000000000000    -4.600340352016414
14.000000000000000    -6.084480017772342
14.500000000000000    -8.271051065896277
15.000000000000000   -11.757142127298557
15.500000000000000   -18.577531785777168
16.000000000000000   -30.131640468721077
16.500000000000000   -15.180541932519684
17.000000000000000   -10.232205694244433
17.500000000000000    -7.411726192710858
18.000000000000000    -5.573940314387461
18.500000000000000    -4.300291782519157
19.000000000000000    -3.383639660245120
19.500000000000000    -2.706485436492345
20.000000000000000    -2.194897662294000
