Frequencia(GHZ) Atenuacao(dB)
20.000000000000000    -5.092447433720360
20.500000000000000    -5.594814823726944
21.000000000000000    -6.157442464130561
21.500000000000000    -6.791096522687470
22.000000000000000    -7.509731102265032
22.500000000000000    -8.331739055609468
23.000000000000000    -9.281989360866740
23.500000000000000   -10.395830119445300
24.000000000000000   -11.725810790067994
24.500000000000000   -13.355429949121035
25.000000000000000   -15.430236097451646
25.500000000000000   -18.240420364593945
26.000000000000000   -22.513286399843654
26.500000000000000   -31.140360897756992
27.000000000000000   -31.527988412684184
27.500000000000000   -22.567883341674197
28.000000000000000   -18.154641724631908
28.500000000000000   -15.244998645002370
29.000000000000000   -13.086729646427910
29.500000000000000   -11.382193597710767
30.000000000000000    -9.985103254986937
30.500000000000000    -8.811885664194914
31.000000000000000    -7.809632608714746
31.500000000000000    -6.941604091555781
32.000000000000000    -6.183656024698344
32.500000000000000    -5.517520629609527
33.000000000000000    -4.928356318334794
33.500000000000000    -4.405486455977187
34.000000000000000    -3.939863024868873
34.500000000000000    -3.523992000329010
35.000000000000000    -3.151859024872965
