Frequencia(GHZ) Atenuacao(dB)
 8.000000000000000    -0.562532431083285
 8.500000000000000    -0.717535915522251
 9.000000000000000    -0.924837995876359
 9.500000000000000    -1.208759655939045
10.000000000000000    -1.608548222356294
10.500000000000000    -2.189616543069324
11.000000000000000    -3.065926677453779
11.500000000000000    -4.447471861074551
12.000000000000000    -6.757672957166816
12.500000000000000   -11.060000817579635
13.000000000000000   -22.876264223170640
13.500000000000000   -16.602413460914857
14.000000000000000    -9.305640771308953
14.500000000000000    -6.002555955846080
15.000000000000000    -4.132807809427351
15.500000000000000    -2.977048290309912
16.000000000000000    -2.220720951833420
16.500000000000000    -1.704551669390601
17.000000000000000    -1.338938474314112
17.500000000000000    -1.072074522182122
18.000000000000000    -0.872062801143473
