Frequencia(GHZ) Atenuacao(dB)
10.000000000000000    -0.672473207379203
10.500000000000000    -0.834975897254741
11.000000000000000    -1.045861173090332
11.500000000000000    -1.324430248946133
12.000000000000000    -1.699813455336930
12.500000000000000    -2.217216289946852
13.000000000000000    -2.948098896921835
13.500000000000000    -4.010750918643255
14.000000000000000    -5.611575884183685
14.500000000000000    -8.153123908019568
15.000000000000000   -12.651328228707161
15.500000000000000   -24.638204590759383
16.000000000000000   -18.520013246305332
16.500000000000000   -10.996580839555820
17.000000000000000    -7.487141239079139
17.500000000000000    -5.405552682181213
18.000000000000000    -4.056022353167665
18.500000000000000    -3.134090013130480
19.000000000000000    -2.480818576575714
19.500000000000000    -2.003466277427397
20.000000000000000    -1.645734301541864
