Frequencia(GHZ) Atenuacao(dB)
 1.000000000000000    -0.866590330236966
 1.250000000000000    -1.336927803644553
 1.500000000000000    -1.909166520565416
 1.750000000000000    -2.586886165711159
 2.000000000000000    -3.377266307081483
 2.250000000000000    -4.292663951375463
 2.500000000000000    -5.353025760735312
 2.750000000000000    -6.589851089749312
 3.000000000000000    -8.053471024324036
 3.250000000000000    -9.828035660259920
 3.500000000000000   -12.065143949580664
 3.750000000000000   -15.078156297830304
 4.000000000000000   -19.693963890843435
 4.250000000000000   -29.920004536190888
 4.500000000000000   -27.791490850145550
 4.750000000000000   -19.100840357842529
 5.000000000000000   -14.885380466334269
 5.250000000000000   -12.104312098308782
 5.500000000000000   -10.043545175841825
 5.750000000000000    -8.420225229610573
 6.000000000000000    -7.093720294769166
 6.250000000000000    -5.983860549519192
 6.500000000000000    -5.040915112636058
 6.750000000000000    -4.231844672035257
 7.000000000000000    -3.533602573728709
 7.250000000000000    -2.929578931287002
 7.500000000000000    -2.407222837863550
 7.750000000000000    -1.956693334889669
 8.000000000000000    -1.570123854535939
 8.250000000000000    -1.241013715567448
 8.500000000000000    -0.963962835103221
 8.750000000000000    -0.734238174952684
 9.000000000000000    -0.547911643646426
 9.250000000000000    -0.401592600975126
 9.500000000000000    -0.292538362769037
 9.750000000000000    -0.218877840902405
10.000000000000000    -0.179873374287980