Frequencia(GHZ) Atenuacao(dB)
 1.000000000000000    -0.252566043698178
 1.500000000000000    -0.577606377931934
 2.000000000000000    -1.076431438232616
 2.500000000000000    -1.806791297787641
 3.000000000000000    -2.860956640798388
 3.500000000000000    -4.390142847542967
 4.000000000000000    -6.665801527505068
 4.500000000000000   -10.283402647105826
 5.000000000000000   -17.295205803930358
 5.500000000000000   -28.890270798156624
 6.000000000000000   -14.087770895096201
 6.500000000000000    -9.271735217013234
 7.000000000000000    -6.548448281459412
 7.500000000000000    -4.778551212726020
 8.000000000000000    -3.551091256315422
 8.500000000000000    -2.666295422888423
 9.000000000000000    -2.011692058965396
 9.500000000000000    -1.518212431482015
10.000000000000000    -1.141317220775972
