Frequencia(GHZ) Atenuacao(dB)
 8.000000000000000    -5.402483546269814
 8.500000000000000    -6.055140903957573
 9.000000000000000    -6.757424201599736
 9.500000000000000    -7.518596864015460
10.000000000000000    -8.349244544076719
10.500000000000000    -9.266091913374563
11.000000000000000   -10.292658745193103
11.500000000000000   -11.460936148943775
12.000000000000000   -12.821291752963017
12.500000000000000   -14.454913311605331
13.000000000000000   -16.504329371216290
13.500000000000000   -19.257477369853913
14.000000000000000   -23.448923758327915
14.500000000000000   -32.335221349269652
15.000000000000000   -33.708478226402889
15.500000000000000   -23.409295733283535
16.000000000000000   -18.632029876023960
16.500000000000000   -15.400794862056141
17.000000000000000   -12.897479897484219
17.500000000000000   -10.807169615304703
18.000000000000000    -8.972532727263848
