Frequencia(GHZ) Atenuacao(dB)
 2.000000000000000    -1.517747345800633
 2.500000000000000    -2.430314445139592
 3.000000000000000    -3.625083755598545
 3.500000000000000    -5.179623345575727
 4.000000000000000    -7.233838260444768
 4.500000000000000   -10.074919644418358
 5.000000000000000   -14.442549648400883
 5.500000000000000   -23.651410314545835
 6.000000000000000   -24.997269719035717
 6.500000000000000   -15.196602266407108
 7.000000000000000   -10.880315969571781
 7.500000000000000    -8.163648514016355
 8.000000000000000    -6.236694070961248
 8.500000000000000    -4.787710661029157
 9.000000000000000    -3.662241361087071
 9.500000000000000    -2.771969124462523
10.000000000000000    -2.061398308113191
10.500000000000000    -1.493360329034644
11.000000000000000    -1.041771369999243
11.500000000000000    -0.688038693880818
12.000000000000000    -0.418961216124369
