Frequencia(GHZ) Atenuacao(dB)
 5.000000000000000    -6.820950762419678
 5.250000000000000    -7.673975943871922
 5.500000000000000    -8.629631963433887
 5.750000000000000    -9.712573598471849
 6.000000000000000   -10.958701163310055
 6.250000000000000   -12.421777140065611
 6.500000000000000   -14.189616500657616
 6.750000000000000   -16.419216720466796
 7.000000000000000   -19.435442893616500
 7.250000000000000   -24.105089427011219
 7.500000000000000   -34.898699205509821
 7.750000000000000   -31.575968715471305
 8.000000000000000   -23.010752379559275
 8.250000000000000   -18.788731564131254
 8.500000000000000   -15.965837631468959
 8.750000000000000   -13.845177058474187
 9.000000000000000   -12.148816751032577
 9.250000000000000   -10.736849767505644
 9.500000000000000    -9.529822083917482
 9.750000000000000    -8.477839668645609
10.000000000000000    -7.548572100095019
10.250000000000000    -6.718181721104356
10.500000000000000    -5.970347960386047
10.750000000000000    -5.292027916473488
11.000000000000000    -4.674463405521178
11.250000000000000    -4.109951781215090
11.500000000000000    -3.593032933439933
11.750000000000000    -3.119205550652233
12.000000000000000    -2.684943864207676
12.250000000000000    -2.287496734878284
12.500000000000000    -1.924648438141775
12.750000000000000    -1.594637596916555
13.000000000000000    -1.296075644898387
13.250000000000000    -1.028030069453533
13.500000000000000    -0.789841483438021
13.750000000000000    -0.581146231449496
14.000000000000000    -0.402036488489794
14.250000000000000    -0.252751949101534
14.500000000000000    -0.134414761764421
14.750000000000000    -0.048986964665878
15.000000000000000    -0.701150064838568
