Frequencia(GHZ) Atenuacao(dB)
 2.000000000000000    -1.551293484439325
 2.500000000000000    -2.371711470246606
 3.000000000000000    -3.352473168284616
 3.500000000000000    -4.503221141124403
 4.000000000000000    -5.851038116604930
 4.500000000000000    -7.450033228225158
 5.000000000000000    -9.402156123604202
 5.500000000000000   -11.908092859563045
 6.000000000000000   -15.427817329367365
 6.500000000000000   -21.440115424804688
 7.000000000000000   -51.570064367380418
 7.500000000000000   -21.300538056633652
 8.000000000000000   -15.239211308938186
 8.500000000000000   -11.659556622358558
 9.000000000000000    -9.096655952376500
 9.500000000000000    -7.099170303465540
10.000000000000000    -5.470749489784912
10.500000000000000    -4.113879821298496
11.000000000000000    -2.977679885757876
11.500000000000000    -2.036500872347681
12.000000000000000    -1.279275529424622
