Frequencia(GHZ) Atenuacao(dB)
 2.000000000000000    -0.639467765662092
 2.500000000000000    -1.043452830782604
 3.000000000000000    -1.590856098703352
 3.500000000000000    -2.323744640015158
 4.000000000000000    -3.303272316023427
 4.500000000000000    -4.621330634891958
 5.000000000000000    -6.427686125058621
 5.500000000000000    -9.000247371150341
 6.000000000000000   -12.995018434664599
 6.500000000000000   -20.974637242547171
 7.000000000000000   -27.045404915961928
 7.500000000000000   -15.298750301626367
 8.000000000000000   -10.754224090554947
 8.500000000000000    -8.035467170469534
 9.000000000000000    -6.184273695745264
 9.500000000000000    -4.841851212910287
10.000000000000000    -3.831559392708992
10.500000000000000    -3.051636311776103
11.000000000000000    -2.438299834812985
11.500000000000000    -1.948960556816352
12.000000000000000    -1.554283620200843
