Frequencia(GHZ) Atenuacao(dB)
 2.000000000000000    -1.024928854630336
 2.500000000000000    -1.562312586125449
 3.000000000000000    -2.191820830586922
 3.500000000000000    -2.906553764128124
 4.000000000000000    -3.703601662509933
 4.500000000000000    -4.585362690170444
 5.000000000000000    -5.560187033499526
 5.500000000000000    -6.644405945751875
 6.000000000000000    -7.865323374031351
 6.500000000000000    -9.267021622567235
 7.000000000000000   -10.922778459752333
 7.500000000000000   -12.961961109395657
 8.000000000000000   -15.641507502933949
 8.500000000000000   -19.591498052140764
 9.000000000000000   -27.279154427414319
 9.500000000000000   -33.903177826131198
10.000000000000000   -21.298903938257862
10.500000000000000   -16.171566720725441
11.000000000000000   -12.807853546778780
11.500000000000000   -10.242842526313124
12.000000000000000    -8.130127743862357
