Frequencia(GHZ) Atenuacao(dB)
 2.000000000000000    -1.044514001926174
 2.500000000000000    -1.609253187401694
 3.000000000000000    -2.286004476367561
 3.500000000000000    -3.074750118622825
 4.000000000000000    -3.980949165762880
 4.500000000000000    -5.018124043492855
 5.000000000000000    -6.210777946182736
 5.500000000000000    -7.601142709938801
 6.000000000000000    -9.260188851771172
 6.500000000000000   -11.315982988641808
 7.000000000000000   -14.024001085319101
 7.500000000000000   -18.009807933670196
 8.000000000000000   -25.714867358079278
 8.500000000000000   -32.662830820335493
 9.000000000000000   -20.025845941738517
 9.500000000000000   -14.993496015847024
10.000000000000000   -11.758667974610672
10.500000000000000    -9.349309375657700
11.000000000000000    -7.419533035195771
11.500000000000000    -5.809070948941519
12.000000000000000    -4.434986352704522
