Frequencia(GHZ) Atenuacao(dB)
 5.000000000000000    -0.408058329280555
 5.500000000000000    -0.611595164047703
 6.000000000000000    -0.959441585163594
 6.500000000000000    -1.618279343376718
 7.000000000000000    -3.056820670618207
 7.500000000000000    -6.928022341500725
 8.000000000000000   -29.735050346320570
 8.500000000000000    -7.533262044574213
 9.000000000000000    -3.190524065276882
 9.500000000000000    -1.636278682487311
10.000000000000000    -0.946790783789036
10.500000000000000    -0.593600831812062
11.000000000000000    -0.392951928282655
11.500000000000000    -0.270154949383630
12.000000000000000    -0.190856639017014
12.500000000000000    -0.137664088626824
13.000000000000000    -0.101087558628158
13.500000000000000    -0.075618419050764
14.000000000000000    -0.057893074470948
14.500000000000000    -0.045736301285221
15.000000000000000    -0.052735595036425
