Frequencia(GHZ) Atenuacao(dB)
10.000000000000000    -2.638672722284335
10.500000000000000    -2.915597054824791
11.000000000000000    -3.212897929479556
11.500000000000000    -3.533172670581402
12.000000000000000    -3.879670111743692
12.500000000000000    -4.256513304207800
13.000000000000000    -4.668885874104567
13.500000000000000    -5.123450643818149
14.000000000000000    -5.628825602809081
14.500000000000000    -6.196306793874603
15.000000000000000    -6.841004633327154
15.500000000000000    -7.583781503012042
16.000000000000000    -8.453924649016697
16.500000000000000    -9.494541554732887
17.000000000000000   -10.772566066897495
17.500000000000000   -12.399499368574130
18.000000000000000   -14.581885532588695
18.500000000000000   -17.772668235000495
19.000000000000000   -23.299290350316817
19.500000000000000   -32.985694589893455
20.000000000000000   -22.136667938623450
20.500000000000000   -16.298310660329037
21.000000000000000   -12.664855627971871
21.500000000000000   -10.041103554263781
22.000000000000000    -8.017294646923235
22.500000000000000    -6.408424408767599
23.000000000000000    -5.115740736205627
23.500000000000000    -4.078342233335980
24.000000000000000    -3.253187847505541
24.500000000000000    -2.606059496338154
25.000000000000000    -2.107672792234698
