Frequencia(GHZ) Atenuacao(dB)
 5.000000000000000    -0.788941149126641
 5.500000000000000    -0.979265820829847
 6.000000000000000    -1.205098800901825
 6.500000000000000    -1.476189638051519
 7.000000000000000    -1.807184494752762
 7.500000000000000    -2.220770660520392
 8.000000000000000    -2.754015490183102
 8.500000000000000    -3.470802160240392
 9.000000000000000    -4.490484105334784
 9.500000000000000    -6.062447449289049
10.000000000000000    -8.813435541272446
10.500000000000000   -15.120629014742565
11.000000000000000   -21.554440278451608
11.500000000000000    -8.312794603740800
12.000000000000000    -3.513053315049984
12.500000000000000    -1.325963632462189
13.000000000000000    -0.455563525467551
13.500000000000000    -0.282188662795784
14.000000000000000    -0.610276842097316
14.500000000000000    -2.085232888870144
15.000000000000000   -10.065169237978076
