Frequencia(GHZ) Atenuacao(dB)
 8.000000000000000    -6.632836559466115
 8.500000000000000    -7.584638536687894
 9.000000000000000    -8.663190441752647
 9.500000000000000    -9.906424929435771
10.000000000000000   -11.373041613761806
10.500000000000000   -13.160662024697340
11.000000000000000   -15.448379561573923
11.500000000000000   -18.621668783948561
12.000000000000000   -23.800344826485347
12.500000000000000   -39.297654706959356
13.000000000000000   -27.068108141169873
13.500000000000000   -19.919962569337684
14.000000000000000   -15.957667797128906
14.500000000000000   -13.169706692907976
15.000000000000000   -10.996768394258057
15.500000000000000    -9.202887766150980
16.000000000000000    -7.667357042534464
16.500000000000000    -6.321150730961301
17.000000000000000    -5.122974839043233
17.500000000000000    -4.048065367025913
18.000000000000000    -3.082844429657705
