Frequencia(GHZ) Atenuacao(dB)
20.000000000000000    -2.196909891823142
20.500000000000000    -2.433265676384311
21.000000000000000    -2.698362512907171
21.500000000000000    -2.996485967534390
22.000000000000000    -3.332712937002478
22.500000000000000    -3.713028348963754
23.000000000000000    -4.144814869107048
23.500000000000000    -4.636943957533299
24.000000000000000    -5.200294836738148
24.500000000000000    -5.848588699027403
25.000000000000000    -6.599534528847372
25.500000000000000    -7.476256365755637
26.000000000000000    -8.510715063370544
26.500000000000000    -9.749064061882972
27.000000000000000   -11.261820266789249
27.500000000000000   -13.166973596681377
28.000000000000000   -15.687132349101395
28.500000000000000   -19.332227256289563
29.000000000000000   -25.804962750725267
29.500000000000000   -42.377419912083546
30.000000000000000   -24.076438584735445
30.500000000000000   -18.563086242928971
31.000000000000000   -15.281741532328322
31.500000000000000   -12.972011600378901
32.000000000000000   -11.213287510261768
32.500000000000000    -9.812009435482239
33.000000000000000    -8.662636874959199
33.500000000000000    -7.701261127666076
34.000000000000000    -6.885089308480717
34.500000000000000    -6.184377883477453
35.000000000000000    -5.577555301690342
