Frequencia(GHZ) Atenuacao(dB)
 5.000000000000000    -0.135787900447031
 5.500000000000000    -0.171930132607578
 6.000000000000000    -0.215659770142243
 6.500000000000000    -0.268901732090529
 7.000000000000000    -0.334278640032574
 7.500000000000000    -0.415455208590620
 8.000000000000000    -0.517713634278171
 8.500000000000000    -0.648802548169654
 9.000000000000000    -0.820497648159115
 9.500000000000000    -1.051484705500491
10.000000000000000    -1.372509067695889
10.500000000000000    -1.837345007376962
11.000000000000000    -2.546508000935839
11.500000000000000    -3.705263868622256
12.000000000000000    -5.792543604756753
12.500000000000000   -10.263300217178147
13.000000000000000   -32.595401260469252
13.500000000000000   -10.315044473483768
14.000000000000000    -4.391540642053913
14.500000000000000    -1.673295785858311
15.000000000000000    -0.657258179212152
