Frequencia(GHZ) Atenuacao(dB)
 1.000000000000000    -0.875144075487302
 1.250000000000000    -1.418319732724682
 1.500000000000000    -2.151048912013607
 1.750000000000000    -3.128915053657620
 2.000000000000000    -4.435209182358182
 2.250000000000000    -6.203816753827365
 2.500000000000000    -8.679141026878840
 2.750000000000000   -12.415649804839195
 3.000000000000000   -19.338621533385190
 3.250000000000000   -31.998976696784723
 3.500000000000000   -16.600892162312547
 3.750000000000000   -11.579630145992093
 4.000000000000000    -8.663952524647495
 4.250000000000000    -6.698150263618287
 4.500000000000000    -5.277171207194795
 4.750000000000000    -4.207692995026332
 5.000000000000000    -3.381443806780348
 5.250000000000000    -2.731007913015771
 5.500000000000000    -2.211824434405117
 5.750000000000000    -1.792950695615673
 6.000000000000000    -1.452267061322151
 6.250000000000000    -1.173532996647095
 6.500000000000000    -0.944600205957038
 6.750000000000000    -0.756228388810834
 7.000000000000000    -0.601376101512220
 7.250000000000000    -0.474508666792361
 7.500000000000000    -0.371399851973269
 7.750000000000000    -0.288760456388259
 8.000000000000000    -0.224039166343259
 8.250000000000000    -0.175427967739453
 8.500000000000000    -0.141895756857963
 8.750000000000000    -0.123212644343811
 9.000000000000000    -0.120521795296762
 9.250000000000000    -0.137397065835914
 9.500000000000000    -0.182899372555550
 9.750000000000000    -0.281134847908700
10.000000000000000    -0.509712787469843