Frequencia(GHZ) Atenuacao(dB)
 2.000000000000000    -1.095252127444041
 2.500000000000000    -1.739541109360287
 3.000000000000000    -2.561671906981001
 3.500000000000000    -3.591695201159332
 4.000000000000000    -4.877123967310696
 4.500000000000000    -6.497210449209491
 5.000000000000000    -8.593765911020615
 5.500000000000000   -11.457414610676063
 6.000000000000000   -15.836194531301466
 6.500000000000000   -25.108829167817376
 7.000000000000000   -26.130099487830293
 7.500000000000000   -16.361306728870826
 8.000000000000000   -11.989075851291046
 8.500000000000000    -9.195266574200096
 9.000000000000000    -7.179434500420160
 9.500000000000000    -5.633965614893708
10.000000000000000    -4.407832662734030
10.500000000000000    -3.415044032820448
11.000000000000000    -2.602499816040783
11.500000000000000    -1.934879160485175
12.000000000000000    -1.387891653253239
