Frequencia(GHZ) Atenuacao(dB)
 1.000000000000000    -0.367327226669535
 1.500000000000000    -0.843152074895299
 2.000000000000000    -1.556662354396299
 2.500000000000000    -2.566359112782869
 3.000000000000000    -3.965249632782714
 3.500000000000000    -5.911062124827807
 4.000000000000000    -8.713555701242839
 4.500000000000000   -13.160619531764725
 5.000000000000000   -22.936806972169489
 5.500000000000000   -22.681606488266905
 6.000000000000000   -13.572274082049354
 6.500000000000000    -9.515970638273521
 7.000000000000000    -7.011845475038705
 7.500000000000000    -5.282511209037390
 8.000000000000000    -4.018919893333429
 8.500000000000000    -3.064248480095156
 9.000000000000000    -2.327310139636084
 9.500000000000000    -1.750548889259635
10.000000000000000    -1.295472930899065
