Frequencia(GHZ) Atenuacao(dB)
 8.000000000000000    -1.384642317056602
 8.500000000000000    -1.675487446608120
 9.000000000000000    -2.025830004593979
 9.500000000000000    -2.450463071665644
10.000000000000000    -2.968453268131126
10.500000000000000    -3.604924131641470
11.000000000000000    -4.393957397637050
11.500000000000000    -5.383182850233601
12.000000000000000    -6.642693593711046
12.500000000000000    -8.282227475156082
13.000000000000000   -10.495282319174640
13.500000000000000   -13.690624878422227
14.000000000000000   -19.062625930639975
14.500000000000000   -36.509829172269228
15.000000000000000   -21.855160269611133
15.500000000000000   -15.238167045278296
16.000000000000000   -11.690267386496195
16.500000000000000    -9.335260365623292
17.000000000000000    -7.628163878458910
17.500000000000000    -6.330391335261655
18.000000000000000    -5.313694342520609
