Frequencia(GHZ) Atenuacao(dB)
 2.000000000000000    -0.626636743782814
 2.500000000000000    -0.981892964146808
 3.000000000000000    -1.424114648092770
 3.500000000000000    -1.960316476621781
 4.000000000000000    -2.600420312439014
 4.500000000000000    -3.358603783146173
 5.000000000000000    -4.255148001809080
 5.500000000000000    -5.319990681715469
 6.000000000000000    -6.598418971186990
 6.500000000000000    -8.162870575828132
 7.000000000000000   -10.138893997469447
 7.500000000000000   -12.771088797393116
 8.000000000000000   -16.644759586695667
 8.500000000000000   -23.923344298501284
 9.000000000000000   -33.744781789237003
 9.500000000000000   -19.662115804576391
10.000000000000000   -14.572038640031870
10.500000000000000   -11.426252169749160
11.000000000000000    -9.169096344610590
11.500000000000000    -7.429735567010600
12.000000000000000    -6.034318534023548
