Frequencia(GHZ) Atenuacao(dB)
 8.000000000000000    -8.351437816289423
 8.500000000000000    -9.504704466601488
 9.000000000000000   -10.833121540743022
 9.500000000000000   -12.406427634547720
10.000000000000000   -14.344004451852978
10.500000000000000   -16.876279413490685
11.000000000000000   -20.543196805643547
11.500000000000000   -27.235396371560693
12.000000000000000   -40.990072469935050
12.500000000000000   -24.085009039621962
13.000000000000000   -18.520318335605428
13.500000000000000   -15.022456235982403
14.000000000000000   -12.421377987943213
14.500000000000000   -10.320361292068300
15.000000000000000    -8.538276933552156
15.500000000000000    -6.979580858494166
16.000000000000000    -5.590974243601332
16.500000000000000    -4.343686590533779
17.000000000000000    -3.226409730193282
17.500000000000000    -2.240890476052607
18.000000000000000    -1.401004243423437
