Frequencia(GHZ) Atenuacao(dB)
15.000000000000000    -2.458897951763420
15.500000000000000    -2.740126417467597
16.000000000000000    -3.055412652170181
16.500000000000000    -3.410160759336671
17.000000000000000    -3.810813305518710
17.500000000000000    -4.265263602174140
18.000000000000000    -4.783394316235299
18.500000000000000    -5.377467310076368
19.000000000000000    -6.063294824947630
19.500000000000000    -6.861829886377611
20.000000000000000    -7.801501102173746
20.500000000000000    -8.922408107124104
21.000000000000000   -10.285076207404369
21.500000000000000   -11.987202641017861
22.000000000000000   -14.202906158060809
22.500000000000000   -17.298031903056270
23.000000000000000   -22.279369527581974
23.500000000000000   -34.009717754163574
24.000000000000000   -26.232311412992274
24.500000000000000   -19.239192629910153
25.000000000000000   -15.410654780277834
25.500000000000000   -12.801782797069116
26.000000000000000   -10.847469725437344
26.500000000000000    -9.305942612096109
27.000000000000000    -8.050691724224512
27.500000000000000    -7.006837392474279
28.000000000000000    -6.126130692557867
28.500000000000000    -5.374981748718335
29.000000000000000    -4.729122402892950
29.500000000000000    -4.170448351061163
30.000000000000000    -3.684495487956699
