Frequencia(GHZ) Atenuacao(dB)
 5.000000000000000    -3.162240368066053
 5.500000000000000    -3.861996186641668
 6.000000000000000    -4.656328716062858
 6.500000000000000    -5.561894654825484
 7.000000000000000    -6.602827425254853
 7.500000000000000    -7.815055550243558
 8.000000000000000    -9.254602966068699
 8.500000000000000   -11.014079340380970
 9.000000000000000   -13.261644814595584
 9.500000000000000   -16.353618000975732
10.000000000000000   -21.283227105490059
10.500000000000000   -34.147764354665114
11.000000000000000   -26.376157488714302
11.500000000000000   -18.699637523328523
12.000000000000000   -14.663269659759145
12.500000000000000   -11.899558868568096
13.000000000000000    -9.799488473654211
13.500000000000000    -8.109382587472679
14.000000000000000    -6.701618290164960
14.500000000000000    -5.503498249202893
15.000000000000000    -4.470464200135990
