Frequencia(GHZ) Atenuacao(dB)
 1.000000000000000    -0.229515372094065
 1.250000000000000    -0.367417989296880
 1.500000000000000    -0.545338611274871
 1.750000000000000    -0.769532821405696
 2.000000000000000    -1.048487800652471
 2.250000000000000    -1.392700298934010
 2.500000000000000    -1.815678247994501
 2.750000000000000    -2.334676531601767
 3.000000000000000    -2.971935674050731
 3.250000000000000    -3.755932071289270
 3.500000000000000    -4.726562920181625
 3.750000000000000    -5.938698959666599
 4.000000000000000    -7.474942873609026
 4.250000000000000    -9.473737097847280
 4.500000000000000   -12.201145497504069
 4.750000000000000   -16.303487781826135
 5.000000000000000   -24.330278857953765
 5.250000000000000   -30.517120730690259
 5.500000000000000   -18.644559599150469
 5.750000000000000   -14.005621724286364
 6.000000000000000   -11.166188188220371
 6.250000000000000    -9.176499932828333
 6.500000000000000    -7.684940683266064
 6.750000000000000    -6.521155954610766
 7.000000000000000    -5.588278384215095
 7.250000000000000    -4.825296680617417
 7.500000000000000    -4.193426828194462
 7.750000000000000    -3.663027490040417
 8.000000000000000    -3.212512874274179
 8.250000000000000    -2.826778108806138
 8.500000000000000    -2.494618569225206
 8.750000000000000    -2.205938537020968
 9.000000000000000    -1.953574744932681
 9.250000000000000    -1.731890379582024
 9.500000000000000    -1.536038099028782
 9.750000000000000    -1.362281149039411
10.000000000000000    -1.207367889609827
