Frequencia(GHZ) Atenuacao(dB)
 5.000000000000000    -0.421635481434972
 5.500000000000000    -0.527702267235880
 6.000000000000000    -0.654819567467897
 6.500000000000000    -0.808477925862569
 7.000000000000000    -0.996503007850507
 7.500000000000000    -1.230288353277116
 8.000000000000000    -1.527100596114086
 8.500000000000000    -1.914042883693661
 9.000000000000000    -2.435717386330753
 9.500000000000000    -3.170168326511797
10.000000000000000    -4.264890927538604
10.500000000000000    -6.033492271069178
11.000000000000000    -9.290850212547205
11.500000000000000   -17.623281072593365
12.000000000000000   -17.216290865267649
12.500000000000000    -7.436611731178987
13.000000000000000    -3.432990471032222
13.500000000000000    -1.450039327659777
14.000000000000000    -0.487483480714344
14.500000000000000    -0.141626311499942
15.000000000000000    -3.126965340225136
