Frequencia(GHZ) Atenuacao(dB)
 8.000000000000000    -9.124974140015992
 8.500000000000000   -11.801188394218277
 9.000000000000000   -16.076906782946953
 9.500000000000000   -25.722481138652199
10.000000000000000   -23.866160061420818
10.500000000000000   -14.988896971932887
11.000000000000000   -10.658613838403566
11.500000000000000    -7.844955538890638
12.000000000000000    -5.831759011548214
12.500000000000000    -4.332423726012167
13.000000000000000    -3.198907605213717
13.500000000000000    -2.340333802690062
14.000000000000000    -1.694295672329081
14.500000000000000    -1.214370019677973
15.000000000000000    -0.864915624373186
15.500000000000000    -0.618013191184443
16.000000000000000    -0.451771809787381
16.500000000000000    -0.349095778139859
17.000000000000000    -0.296669939116367
17.500000000000000    -0.284296850268118
18.000000000000000    -0.304213251975682
