Frequencia(GHZ) Atenuacao(dB)
 1.000000000000000    -0.544523691659578
 1.500000000000000    -1.427295890960805
 2.000000000000000    -3.236703576527276
 2.500000000000000    -7.151076491413559
 3.000000000000000   -18.618419580158687
 3.500000000000000   -13.836875013808598
 4.000000000000000    -6.845778345602152
 4.500000000000000    -4.037121759475499
 5.000000000000000    -2.577963967001874
 5.500000000000000    -1.726447980177363
 6.000000000000000    -1.190179062670431
 6.500000000000000    -0.833311770544172
 7.000000000000000    -0.586018549802467
 7.500000000000000    -0.409854137974780
 8.000000000000000    -0.282354036557031
 8.500000000000000    -0.190207511166271
 9.000000000000000    -0.126458510569158
 9.500000000000000    -0.092015573181802
10.000000000000000    -0.114801368496923
