Frequencia(GHZ) Atenuacao(dB)
10.000000000000000    -3.187073891019082
10.500000000000000    -3.971068034733690
11.000000000000000    -5.018815646601746
11.500000000000000    -6.466822927377613
12.000000000000000    -8.567950222401171
12.500000000000000   -11.888025782277776
13.000000000000000   -18.306925053152355
13.500000000000000   -29.965471061025010
14.000000000000000   -15.173705173871213
14.500000000000000    -9.961543544008412
15.000000000000000    -6.951776665825530
15.500000000000000    -4.980389466345081
16.000000000000000    -3.620654708785103
16.500000000000000    -2.658010653503775
17.000000000000000    -1.965360162563187
17.500000000000000    -1.460728648288393
18.000000000000000    -1.089678483356298
18.500000000000000    -0.815066895809792
19.000000000000000    -0.611060998334093
19.500000000000000    -0.459605279344849
20.000000000000000    -0.347753710715123
