Frequencia(GHZ) Atenuacao(dB)
 2.000000000000000    -0.689572670129111
 2.500000000000000    -1.077256092054878
 3.000000000000000    -1.557572081430326
 3.500000000000000    -2.137219398916540
 4.000000000000000    -2.826155627075916
 4.500000000000000    -3.639168410435012
 5.000000000000000    -4.598135706742456
 5.500000000000000    -5.736211553346189
 6.000000000000000    -7.104867805400502
 6.500000000000000    -8.788840974351544
 7.000000000000000   -10.940385690073020
 7.500000000000000   -13.872502083278246
 8.000000000000000   -18.411684186069504
 8.500000000000000   -28.624671325883870
 9.000000000000000   -26.609672272324083
 9.500000000000000   -17.727158556260370
10.000000000000000   -13.451226699170597
10.500000000000000   -10.632104498383637
11.000000000000000    -8.547118772776519
11.500000000000000    -6.911559206842181
12.000000000000000    -5.584473856823577
