Frequencia(GHZ) Atenuacao(dB)
 2.000000000000000    -0.706163674750738
 2.500000000000000    -1.121876595380924
 3.000000000000000    -1.655518082023585
 3.500000000000000    -2.326644305808137
 4.000000000000000    -3.162629743636567
 4.500000000000000    -4.202738333903187
 5.000000000000000    -5.506243679540656
 5.500000000000000    -7.168501812339016
 6.000000000000000    -9.359708738481873
 6.500000000000000   -12.435733086084907
 7.000000000000000   -17.384446821347417
 7.500000000000000   -30.172212240928079
 8.000000000000000   -22.764420720035044
 8.500000000000000   -15.221603010914258
 9.000000000000000   -11.371820223455430
 9.500000000000000    -8.834693729465210
10.000000000000000    -6.988280546811866
10.500000000000000    -5.573411396055269
11.000000000000000    -4.455920390518685
11.500000000000000    -3.556453743434200
12.000000000000000    -2.823995679368303
