Frequencia(GHZ) Atenuacao(dB)
 1.000000000000000    -0.875788198392834
 1.250000000000000    -1.390299018602477
 1.500000000000000    -2.055079354578040
 1.750000000000000    -2.898787705040515
 2.000000000000000    -3.962631850400543
 2.250000000000000    -5.308516814343086
 2.500000000000000    -7.036397163479211
 2.750000000000000    -9.326256015468733
 3.000000000000000   -12.561395550888127
 3.250000000000000   -17.844142843962487
 3.500000000000000   -32.728371461117177
 3.750000000000000   -21.641993678008266
 4.000000000000000   -14.806397901214501
 4.250000000000000   -11.198363161605773
 4.500000000000000    -8.809132590848430
 4.750000000000000    -7.072274696910953
 5.000000000000000    -5.744716542837050
 5.250000000000000    -4.698440952350023
 5.500000000000000    -3.857075352793999
 5.750000000000000    -3.170885779365061
 6.000000000000000    -2.605750963416302
 6.250000000000000    -2.137074017558879
 6.500000000000000    -1.746563633772033
 6.750000000000000    -1.420288093342509
 7.000000000000000    -1.147493249379965
 7.250000000000000    -0.919749710678502
 7.500000000000000    -0.730207214908614
 7.750000000000000    -0.573539620553206
 8.000000000000000    -0.445378956211096
 8.250000000000000    -0.342293704583788
 8.500000000000000    -0.261586951002429
 8.750000000000000    -0.201325864182107
 9.000000000000000    -0.160370030265208
 9.250000000000000    -0.138591695828009
 9.500000000000000    -0.137478501953762
 9.750000000000000    -0.161597420183811
10.000000000000000    -0.222612209863114