Frequencia(GHZ) Atenuacao(dB)
10.000000000000000    -2.203746340262842
10.500000000000000    -2.573727081914530
11.000000000000000    -3.013379778052248
11.500000000000000    -3.541882617986730
12.000000000000000    -4.185680844740720
12.500000000000000    -4.982921453607496
13.000000000000000    -5.990155535275104
13.500000000000000    -7.296735012780242
14.000000000000000    -9.055926906563199
14.500000000000000   -11.569551723012028
15.000000000000000   -15.577391484954958
15.500000000000000   -24.213442385786763
16.000000000000000   -25.121702667232672
16.500000000000000   -15.427785981488759
17.000000000000000   -10.938515792398968
17.500000000000000    -8.087914527660235
18.000000000000000    -6.084193418370865
18.500000000000000    -4.611502608754155
19.000000000000000    -3.505700679981820
19.500000000000000    -2.666483179186705
20.000000000000000    -2.026281524412917
