Frequencia(GHZ) Atenuacao(dB)
15.000000000000000    -4.968588964888498
15.500000000000000    -5.551368209246541
16.000000000000000    -6.218685103715458
16.500000000000000    -6.990540820449597
17.000000000000000    -7.894320998397451
17.500000000000000    -8.969250083370044
18.000000000000000   -10.274532031262881
18.500000000000000   -11.905556881526154
19.000000000000000   -14.032396349865392
19.500000000000000   -17.007944069090783
20.000000000000000   -21.774005212549817
20.500000000000000   -32.115613381102115
21.000000000000000   -25.842172602126787
21.500000000000000   -18.792330326673923
22.000000000000000   -14.850979915958698
22.500000000000000   -12.137040213839128
23.000000000000000   -10.086918628553830
23.500000000000000    -8.459595324493339
24.000000000000000    -7.129811592987984
24.500000000000000    -6.023640381322626
25.000000000000000    -5.093393980779246
25.500000000000000    -4.306020354631271
26.000000000000000    -3.637192817643717
26.500000000000000    -3.068161893354526
27.000000000000000    -2.583935268772894
27.500000000000000    -2.172370879895015
28.000000000000000    -1.823192357722638
28.500000000000000    -1.527706757193375
29.000000000000000    -1.278562367083246
29.500000000000000    -1.069431878992334
30.000000000000000    -0.894794425317622
