Frequencia(GHZ) Atenuacao(dB)
 5.000000000000000    -0.604160876677083
 5.500000000000000    -0.791384968726603
 6.000000000000000    -1.031598336978623
 6.500000000000000    -1.343110490659868
 7.000000000000000    -1.752067666298950
 7.500000000000000    -2.296794322951436
 8.000000000000000    -3.034331358375593
 8.500000000000000    -4.052363512801071
 9.000000000000000    -5.491940859460554
 9.500000000000000    -7.601811014276981
10.000000000000000   -10.907236578077525
10.500000000000000   -17.047555090457955
11.000000000000000   -38.039555522569792
11.500000000000000   -16.213321875541890
12.000000000000000   -10.805830141547606
12.500000000000000    -7.837830204107651
13.000000000000000    -5.928586344358678
13.500000000000000    -4.610080179145962
14.000000000000000    -3.660128401592432
14.500000000000000    -2.954907611741466
15.000000000000000    -2.418676169459473
