Frequencia(GHZ) Atenuacao(dB)
10.000000000000000    -0.836676279389960
10.500000000000000    -1.045836158268010
11.000000000000000    -1.320661003823679
11.500000000000000    -1.688802398155798
12.000000000000000    -2.192889378837788
12.500000000000000    -2.900465358331620
13.000000000000000    -3.921736234356119
13.500000000000000    -5.447866427080937
14.000000000000000    -7.845312994831453
14.500000000000000   -12.000834942684657
15.000000000000000   -21.991561482101087
15.500000000000000   -20.198436503013077
16.000000000000000   -11.603642631124080
16.500000000000000    -7.814497359123439
17.000000000000000    -5.599335099104938
17.500000000000000    -4.171601992888737
18.000000000000000    -3.201593148911506
18.500000000000000    -2.516399612368284
19.000000000000000    -2.018035398529904
19.500000000000000    -1.645799340258387
20.000000000000000    -1.361694021349540
