Frequencia(GHZ) Atenuacao(dB)
 2.000000000000000    -0.386647747189482
 2.500000000000000    -0.635357606979662
 3.000000000000000    -0.974554997265499
 3.500000000000000    -1.431458275191820
 4.000000000000000    -2.045198520102236
 4.500000000000000    -2.871310789576881
 5.000000000000000    -3.993296304705414
 5.500000000000000    -5.539763403477481
 6.000000000000000    -7.732663569734013
 6.500000000000000   -11.035533945316541
 7.000000000000000   -16.838775993276109
 7.500000000000000   -43.831281708551835
 8.000000000000000   -17.974597867459309
 8.500000000000000   -12.078619467273150
 9.000000000000000    -8.900372561539504
 9.500000000000000    -6.834995297689823
10.000000000000000    -5.380976646500320
10.500000000000000    -4.308866925279984
11.000000000000000    -3.492538787654755
11.500000000000000    -2.856637116489759
12.000000000000000    -2.351650790730379
