Frequencia(GHZ) Atenuacao(dB)
10.000000000000000    -2.726690819678459
10.500000000000000    -3.036017034611438
11.000000000000000    -3.374028813827194
11.500000000000000    -3.745323665636352
12.000000000000000    -4.155849169989918
12.500000000000000    -4.613284263099674
13.000000000000000    -5.127410124939464
13.500000000000000    -5.711737776568560
14.000000000000000    -6.384261409963140
14.500000000000000    -7.170334535359149
15.000000000000000    -8.105980916063995
15.500000000000000    -9.246743254209846
16.000000000000000   -10.681068407174036
16.500000000000000   -12.565153165608214
17.000000000000000   -15.213430446972451
17.500000000000000   -19.422157711489788
18.000000000000000   -28.174705572336421
18.500000000000000   -25.462883062249077
19.000000000000000   -17.486832135940155
19.500000000000000   -13.138491151277497
20.000000000000000   -10.176782922233434
20.500000000000000    -7.967763408358525
21.000000000000000    -6.253347111897000
21.500000000000000    -4.902787563020613
22.000000000000000    -3.838017674575658
22.500000000000000    -3.005111243632610
23.000000000000000    -2.362191541488045
23.500000000000000    -1.874498622416648
24.000000000000000    -1.512401312367142
24.500000000000000    -1.250741858002799
25.000000000000000    -1.068430909950548
