Frequencia(GHZ) Atenuacao(dB)
 5.000000000000000    -0.225909319520811
 5.500000000000000    -0.284434918436366
 6.000000000000000    -0.355002592579424
 6.500000000000000    -0.440705814513725
 7.000000000000000    -0.545835099518180
 7.500000000000000    -0.676477210902416
 8.000000000000000    -0.841525696813610
 8.500000000000000    -1.054379585601161
 9.000000000000000    -1.335944434156754
 9.500000000000000    -1.720294320170994
10.000000000000000    -2.265983264830747
10.500000000000000    -3.080783014931604
11.000000000000000    -4.381198835624921
11.500000000000000    -6.667687792037947
12.000000000000000   -11.486676673294316
12.500000000000000   -39.275189132189666
13.000000000000000   -10.632597352084431
13.500000000000000    -4.868979813169944
14.000000000000000    -2.153860377116180
14.500000000000000    -0.728042124497818
15.000000000000000    -0.856417358881662
