Frequencia(GHZ) Atenuacao(dB)
 2.000000000000000    -1.111874650074936
 2.500000000000000    -1.805058226653616
 3.000000000000000    -2.729053960323581
 3.500000000000000    -3.946310624105497
 4.000000000000000    -5.556305354178689
 4.500000000000000    -7.734029088641751
 5.000000000000000   -10.846668484785152
 5.500000000000000   -15.920130147169809
 6.000000000000000   -29.582350244720907
 6.500000000000000   -20.875875408676706
 7.000000000000000   -13.634409317654985
 7.500000000000000    -9.950364464454603
 8.000000000000000    -7.555178777356685
 8.500000000000000    -5.840599891048325
 9.000000000000000    -4.549131297851808
 9.500000000000000    -3.545873760972407
10.000000000000000    -2.750945413324283
10.500000000000000    -2.112920330357976
11.000000000000000    -1.596697402787266
11.500000000000000    -1.177715251251757
12.000000000000000    -0.838257089061070
