Frequencia(GHZ) Atenuacao(dB)
 8.000000000000000    -2.982456938704214
 8.500000000000000    -3.609915967621292
 9.000000000000000    -4.372327493738230
 9.500000000000000    -5.309150463252213
10.000000000000000    -6.477559442386738
10.500000000000000    -7.966485909334588
11.000000000000000    -9.927593470052013
11.500000000000000   -12.660148084223092
12.000000000000000   -16.917849932920454
12.500000000000000   -26.026989436127053
13.000000000000000   -26.853704259840580
13.500000000000000   -17.187411909465144
14.000000000000000   -12.807045336992839
14.500000000000000   -10.019020684324463
15.000000000000000    -8.026816770972744
15.500000000000000    -6.519099015155006
16.000000000000000    -5.340000273651332
16.500000000000000    -4.398204676075877
17.000000000000000    -3.634922261888476
17.500000000000000    -3.009879373978269
18.000000000000000    -2.493880354524608
