Frequencia(GHZ) Atenuacao(dB)
 8.000000000000000    -3.043828717938205
 8.500000000000000    -3.845076494595324
 9.000000000000000    -4.945034302796791
 9.500000000000000    -6.532578576289828
10.000000000000000    -9.002582005965090
10.500000000000000   -13.426690429766150
11.000000000000000   -25.627462017790947
11.500000000000000   -16.801981627635474
12.000000000000000    -9.582735891054325
12.500000000000000    -5.928677841116198
13.000000000000000    -3.742343155801007
13.500000000000000    -2.378810388575074
14.000000000000000    -1.520721977092588
14.500000000000000    -0.981684480063711
15.000000000000000    -0.646990399142281
15.500000000000000    -0.444701262622678
16.000000000000000    -0.329621442624100
16.500000000000000    -0.272905857039633
17.000000000000000    -0.255976057351649
17.500000000000000    -0.266632437498148
18.000000000000000    -0.296759306843895
