Frequencia(GHZ) Atenuacao(dB)
 1.000000000000000    -0.202692415475163
 1.250000000000000    -0.330727676418872
 1.500000000000000    -0.502960080591075
 1.750000000000000    -0.731227467781954
 2.000000000000000    -1.032475850682491
 2.250000000000000    -1.430175699050681
 2.500000000000000    -1.957490367187371
 2.750000000000000    -2.661484280659987
 3.000000000000000    -3.611361107885543
 3.250000000000000    -4.906503371184620
 3.500000000000000    -6.711894940240653
 3.750000000000000    -9.327469281408364
 4.000000000000000   -13.462466221247320
 4.250000000000000   -22.025388715767736
 4.500000000000000   -25.756031652193840
 4.750000000000000   -15.172764639940743
 5.000000000000000   -10.884919332859733
 5.250000000000000    -8.320699976185834
 5.500000000000000    -6.587735637583799
 5.750000000000000    -5.340915530429884
 6.000000000000000    -4.408405062101613
 6.250000000000000    -3.691328987723918
 6.500000000000000    -3.127693056337801
 6.750000000000000    -2.676648723025057
 7.000000000000000    -2.309762403402064
 7.250000000000000    -2.007639678698168
 7.500000000000000    -1.755773178976888
 7.750000000000000    -1.543491180586612
 8.000000000000000    -1.362803692946190
 8.250000000000000    -1.207597099668026
 8.500000000000000    -1.073380649594622
 8.750000000000000    -0.956377912743642
 9.000000000000000    -0.853530371094795
 9.250000000000000    -0.762721214366701
 9.500000000000000    -0.682020246324148
 9.750000000000000    -0.609897097662951
10.000000000000000    -0.545062702833946
