Frequencia(GHZ) Atenuacao(dB)
 2.000000000000000    -2.230845778839492
 2.500000000000000    -3.496666665708375
 3.000000000000000    -5.116682740181483
 3.500000000000000    -7.210963786758561
 4.000000000000000   -10.042727361185706
 4.500000000000000   -14.297368325114260
 5.000000000000000   -22.888447599574793
 5.500000000000000   -26.337708440281983
 6.000000000000000   -15.646123123554142
 6.500000000000000   -11.097685741265117
 7.000000000000000    -8.225386637064378
 7.500000000000000    -6.167887977043907
 8.000000000000000    -4.606004794245875
 8.500000000000000    -3.387127568934992
 9.000000000000000    -2.426826983317547
 9.500000000000000    -1.673423569305347
10.000000000000000    -1.092709935245408
10.500000000000000    -0.660650366024833
11.000000000000000    -0.360263300294939
11.500000000000000    -0.182436938872801
12.000000000000000    -0.137489346963529
