Frequencia(GHZ) Atenuacao(dB)
10.000000000000000    -1.063360972015838
10.500000000000000    -1.221445756543421
11.000000000000000    -1.401870153432178
11.500000000000000    -1.608541852505249
12.000000000000000    -1.846346434407233
12.500000000000000    -2.121255767455993
13.000000000000000    -2.440737525640588
13.500000000000000    -2.814126940296963
14.000000000000000    -3.253440058983728
14.500000000000000    -3.773994029346242
15.000000000000000    -4.396051206978666
15.500000000000000    -5.146681049268548
16.000000000000000    -6.063416104741633
16.500000000000000    -7.200559518521064
17.000000000000000    -8.641304384400721
17.500000000000000   -10.526051804582369
18.000000000000000   -13.123617742679077
18.500000000000000   -17.075985602529329
19.000000000000000   -24.715403096288455
19.500000000000000   -28.616391709776853
20.000000000000000   -18.551956811419270
20.500000000000000   -13.936326131017781
21.000000000000000   -11.023074243787196
21.500000000000000    -8.948110276538001
22.000000000000000    -7.379205852373745
22.500000000000000    -6.151343112126275
23.000000000000000    -5.169061556606165
23.500000000000000    -4.371222247474625
24.000000000000000    -3.715852237345685
24.500000000000000    -3.172714228336378
25.000000000000000    -2.719263676734527
