Frequencia(GHZ) Atenuacao(dB)
20.000000000000000   -12.147173654419124
20.333333333333300   -13.315273825066132
20.666666666666700   -14.706678428794858
21.000000000000000   -16.413055176897547
21.333333333333300   -18.596371102911974
21.666666666666700   -21.584638846313709
22.000000000000000   -26.190901027720415
22.333333333333300   -34.279499268169651
22.666666666666700   -29.937624966664245
23.000000000000000   -23.493136710687477
23.333333333333300   -19.635464527462901
23.666666666666700   -16.921784591558279
24.000000000000000   -14.833980436871766
24.333333333333300   -13.141107412381158
24.666666666666700   -11.721421936752092
25.000000000000000   -10.502980760007665
25.333333333333300    -9.440058817351314
25.666666666666700    -8.501740293066423
26.000000000000000    -7.666367284369192
26.333333333333300    -6.917417442627110
26.666666666666700    -6.243005938461725
27.000000000000000    -5.633371400683890
27.333333333333300    -5.081240959758039
27.666666666666700    -4.580443609148353
28.000000000000000    -4.125763858547740
28.333333333333300    -3.712738333472585
28.666666666666700    -3.337731358331598
29.000000000000000    -2.997264901294266
29.333333333333300    -2.688456818378859
29.666666666666700    -2.408668173191313
30.000000000000000    -2.155626482952564
