Frequencia(GHZ) Atenuacao(dB)
10.000000000000000    -1.485172548189268
10.500000000000000    -1.819143464990054
11.000000000000000    -2.245750492627267
11.500000000000000    -2.799777137573027
12.000000000000000    -3.533162109576015
12.500000000000000    -4.525907010388592
13.000000000000000    -5.908417969261788
13.500000000000000    -7.913396359347592
14.000000000000000   -11.032701754029832
14.500000000000000   -16.751440923379359
15.000000000000000   -37.254810385007048
15.500000000000000   -16.730765427906327
16.000000000000000   -10.952855485796469
16.500000000000000    -7.794929142846938
17.000000000000000    -5.766070983179199
17.500000000000000    -4.370772806410365
18.000000000000000    -3.374107687696108
18.500000000000000    -2.643380879227540
19.000000000000000    -2.096375444546082
19.500000000000000    -1.679709892867870
20.000000000000000    -1.357308148758821
