Frequencia(GHZ) Atenuacao(dB)
10.000000000000000    -1.105948360386667
10.500000000000000    -1.291365247153419
11.000000000000000    -1.509522623765470
11.500000000000000    -1.768077607358825
12.000000000000000    -2.076906544393251
12.500000000000000    -2.449215288256380
13.000000000000000    -2.902501283739399
13.500000000000000    -3.460711639717415
14.000000000000000    -4.157167981587560
14.500000000000000    -5.040017771903815
15.000000000000000    -6.179751439074367
15.500000000000000    -7.694143461553896
16.000000000000000    -9.786674368418783
16.500000000000000   -12.891087894847553
17.000000000000000   -18.285270073109068
17.500000000000000   -36.293214760871891
18.000000000000000   -19.875619708430829
18.500000000000000   -13.500260786531953
19.000000000000000   -10.001927475354041
19.500000000000000    -7.679308214756899
20.000000000000000    -6.014522591243468
