Frequencia(GHZ) Atenuacao(dB)
 5.000000000000000    -0.458635018463882
 5.500000000000000    -0.613011546799683
 6.000000000000000    -0.818481945076455
 6.500000000000000    -1.096485418267828
 7.000000000000000    -1.480013119354689
 7.500000000000000    -2.021047723900122
 8.000000000000000    -2.803855293043987
 8.500000000000000    -3.970063017159533
 9.000000000000000    -5.772647781036794
 9.500000000000000    -8.727544078321674
10.000000000000000   -14.303975403625666
10.500000000000000   -38.582855587107019
11.000000000000000   -15.169629485146325
11.500000000000000    -9.503176904586949
12.000000000000000    -6.592307440129653
12.500000000000000    -4.818980675995863
13.000000000000000    -3.652820812064070
13.500000000000000    -2.847754818199207
14.000000000000000    -2.271197288292949
14.500000000000000    -1.845543786037505
15.000000000000000    -1.523224405947926
