Frequencia(GHZ) Atenuacao(dB)
20.000000000000000    -6.751467157395609
20.333333333333300    -7.245553897312155
20.666666666666700    -7.787748536461538
21.000000000000000    -8.385704863768137
21.333333333333300    -9.048909272698230
21.666666666666700    -9.789437817689166
22.000000000000000   -10.623170677594679
22.333333333333300   -11.571583056869184
22.666666666666700   -12.664596028531527
23.000000000000000   -13.945992836802407
23.333333333333300   -15.483611568513263
23.666666666666700   -17.390633570770319
24.000000000000000   -19.878866844092055
24.333333333333300   -23.414826300882449
24.666666666666700   -29.354757836410677
25.000000000000000   -37.367673504802440
25.333333333333300   -27.725843763381953
25.666666666666700   -22.431578356496452
26.000000000000000   -19.113319797427131
26.333333333333300   -16.709758159810413
26.666666666666700   -14.832851342055701
27.000000000000000   -13.298273505927172
27.333333333333300   -12.005716941588926
27.666666666666700   -10.894015557535852
28.000000000000000    -9.922997032033411
28.333333333333300    -9.064624417857415
28.666666666666700    -8.299462108789978
29.000000000000000    -7.612048046764079
29.333333333333300    -6.991286292664473
29.666666666666700    -6.428075032240902
30.000000000000000    -5.915440560331684
