Frequencia(GHZ) Atenuacao(dB)
15.000000000000000    -2.707853610690202
15.500000000000000    -2.995724613592508
16.000000000000000    -3.314959276418720
16.500000000000000    -3.670168321828057
17.000000000000000    -4.066796364016977
17.500000000000000    -4.511432465702834
18.000000000000000    -5.012267157335728
18.500000000000000    -5.579415746478437
19.000000000000000    -6.225747389112421
19.500000000000000    -6.968065104829304
20.000000000000000    -7.828676621747874
20.500000000000000    -8.838720113102657
21.000000000000000   -10.043027471203249
21.500000000000000   -11.510874726352951
22.000000000000000   -13.357619614639617
22.500000000000000   -15.798737678717627
23.000000000000000   -19.318057842405246
23.500000000000000   -25.432342731415300
24.000000000000000   -36.739838790875488
24.500000000000000   -23.972934150984237
25.000000000000000   -18.439654921200894
25.500000000000000   -15.079943184234786
26.000000000000000   -12.686907690342169
26.500000000000000   -10.845492001724853
27.000000000000000    -9.365319779323363
27.500000000000000    -8.142029660578139
28.000000000000000    -7.111775202040311
28.500000000000000    -6.232624506761422
29.000000000000000    -5.475244068023567
29.500000000000000    -4.818332849731427
30.000000000000000    -4.245530826397661
