Frequencia(GHZ) Atenuacao(dB)
20.000000000000000    -6.457345036428014
20.500000000000000    -7.512292917411069
21.000000000000000    -8.807633166898302
21.500000000000000   -10.436043501476972
22.000000000000000   -12.559673557756202
22.500000000000000   -15.508285218986922
23.000000000000000   -20.152746545815340
23.500000000000000   -30.649708489580867
24.000000000000000   -26.813149828001450
24.500000000000000   -18.818955008237037
25.000000000000000   -14.776209726828355
25.500000000000000   -12.111966485422254
26.000000000000000   -10.162319275191738
26.500000000000000    -8.654706382085781
27.000000000000000    -7.449120414113141
27.500000000000000    -6.463695588546864
28.000000000000000    -5.645332576548222
28.500000000000000    -4.957513395653379
29.000000000000000    -4.374029896266368
29.500000000000000    -3.875276479464141
30.000000000000000    -3.445975445057387
30.500000000000000    -3.074344907594949
31.000000000000000    -2.751001237111945
31.500000000000000    -2.468319613745880
32.000000000000000    -2.220087712890462
32.500000000000000    -2.001228623794355
33.000000000000000    -1.807543961274363
33.500000000000000    -1.635499879085660
34.000000000000000    -1.482183066725124
34.500000000000000    -1.345158583663795
35.000000000000000    -1.222272971086970
