Frequencia(GHZ) Atenuacao(dB)
 1.000000000000000    -1.259206732184637
 1.250000000000000    -1.841655201458486
 1.500000000000000    -2.478320437729094
 1.750000000000000    -3.150271788097615
 2.000000000000000    -3.844281875664110
 2.250000000000000    -4.551992211062907
 2.500000000000000    -5.268932049328214
 2.750000000000000    -5.993610851050428
 3.000000000000000    -6.726863987587890
 3.250000000000000    -7.471453461755155
 3.500000000000000    -8.231801992004463
 3.750000000000000    -9.014085324092919
 4.000000000000000    -9.826403653219826
 4.250000000000000   -10.679299387725324
 4.500000000000000   -11.586564383833023
 4.750000000000000   -12.566641053981883
 5.000000000000000   -13.645040774372207
 5.250000000000000   -14.858379314397126
 5.500000000000000   -16.262197519687401
 5.750000000000000   -17.946714706212163
 6.000000000000000   -20.073822661019808
 6.250000000000000   -22.979922072127465
 6.500000000000000   -27.571998094118253
 6.750000000000000   -38.320548595280620
 7.000000000000000   -32.962902202555000
 7.250000000000000   -24.904580480749217
 7.500000000000000   -20.499091418659468
 7.750000000000000   -17.356992771205142
 8.000000000000000   -14.843356620271951
 8.250000000000000   -12.696687148245719
 8.500000000000000   -10.784912995765485
 8.750000000000000    -9.033748366592427
 9.000000000000000    -7.402108213608879
 9.250000000000000    -5.871697042225354
 9.500000000000000    -4.446214171547947
 9.750000000000000    -3.154707178003267
10.000000000000000    -2.063718958497591