Frequencia(GHZ) Atenuacao(dB)
10.000000000000000    -3.483209548254184
10.500000000000000    -3.729629763368089
11.000000000000000    -3.981099092836499
11.500000000000000    -4.239410888134844
12.000000000000000    -4.506952870937152
12.500000000000000    -4.787101915777935
13.000000000000000    -5.084366720120374
13.500000000000000    -5.404946110902356
14.000000000000000    -5.757460829897165
14.500000000000000    -6.154032614336685
15.000000000000000    -6.612149634503942
15.500000000000000    -7.157791387450867
16.000000000000000    -7.830647746070437
16.500000000000000    -8.694381871601967
17.000000000000000    -9.856513101301612
17.500000000000000   -11.514217226537166
18.000000000000000   -14.079441035592717
18.500000000000000   -18.643689082920570
19.000000000000000   -28.347556482140746
19.500000000000000   -20.024056507331942
20.000000000000000   -13.771256419443784
20.500000000000000   -10.363739368286309
21.000000000000000    -8.281000298912197
21.500000000000000    -6.960946451716138
22.000000000000000    -6.109796596018914
22.500000000000000    -5.552084443824439
23.000000000000000    -5.179128629850636
23.500000000000000    -4.923095054622236
24.000000000000000    -4.741363166806385
24.500000000000000    -4.606851904363217
25.000000000000000    -4.502117865597176
