Frequencia(GHZ) Atenuacao(dB)
 1.000000000000000    -1.317036074136149
 1.250000000000000    -2.028122379349909
 1.500000000000000    -2.896851801944200
 1.750000000000000    -3.938426759994542
 2.000000000000000    -5.182456473180022
 2.250000000000000    -6.681973916931389
 2.500000000000000    -8.532005526688428
 2.750000000000000   -10.913960198249837
 3.000000000000000   -14.227007910178390
 3.250000000000000   -19.654096242492024
 3.500000000000000   -35.874600700691801
 3.750000000000000   -22.252761376903376
 4.000000000000000   -15.599612530857154
 4.250000000000000   -11.915194292848064
 4.500000000000000    -9.384866815466722
 4.750000000000000    -7.482561231871162
 5.000000000000000    -5.983735367390933
 5.250000000000000    -4.772321741743379
 5.500000000000000    -3.780563047018218
 5.750000000000000    -2.965154750394770
 6.000000000000000    -2.296293650467780
 6.250000000000000    -1.751879741362898
 6.500000000000000    -1.314541038418053
 6.750000000000000    -0.969904974461338
 7.000000000000000    -0.705683140944471
 7.250000000000000    -0.511212619856144
 7.500000000000000    -0.377197617736763
 7.750000000000000    -0.295657159481934
 8.000000000000000    -0.259841457695009
 8.250000000000000    -0.264581624809370
 8.500000000000000    -0.306565823110125
 8.750000000000000    -0.385192413123394
 9.000000000000000    -0.504720518563891
 9.250000000000000    -0.680180835790291
 9.500000000000000    -0.957374909921027
 9.750000000000000    -1.504727505838416
10.000000000000000    -3.319533525290838