Frequencia(GHZ) Atenuacao(dB)
 5.000000000000000    -1.620095804076264
 5.500000000000000    -1.999214422114251
 6.000000000000000    -2.456885719464853
 6.500000000000000    -3.028324014255587
 7.000000000000000    -3.777779427564790
 7.500000000000000    -4.832504922331664
 8.000000000000000    -6.479930723002509
 8.500000000000000    -9.528509154783510
 9.000000000000000   -17.879333834122409
 9.500000000000000   -14.754523538981321
10.000000000000000    -5.424813901662688
10.500000000000000    -1.946144518018464
11.000000000000000    -0.806666336137823
11.500000000000000    -0.629539696462482
12.000000000000000    -0.854850067531307
12.500000000000000    -1.414007772081138
13.000000000000000    -3.386922414798273
13.500000000000000    -4.952200071525861
14.000000000000000    -1.077989247327178
14.500000000000000    -1.258979169161147
15.000000000000000    -1.372323317959757
