Frequencia(GHZ) Atenuacao(dB)
10.000000000000000    -3.664056941337115
10.500000000000000    -3.989154992350283
11.000000000000000    -4.340889457010444
11.500000000000000    -4.727792212417771
12.000000000000000    -5.162062559148407
12.500000000000000    -5.661650955507673
13.000000000000000    -6.253612421777144
13.500000000000000    -6.980270510949712
14.000000000000000    -7.911421526137641
14.500000000000000    -9.170127886034569
15.000000000000000   -10.995992547190525
15.500000000000000   -13.939650365666637
16.000000000000000   -19.732843027235695
16.500000000000000   -26.591710805351720
17.000000000000000   -15.361538427765574
17.500000000000000   -10.121527040646486
18.000000000000000    -7.136836279295419
18.500000000000000    -5.363451901805107
19.000000000000000    -4.326891381841572
19.500000000000000    -3.738103326555196
20.000000000000000    -3.414986656877614
20.500000000000000    -3.246757472598798
21.000000000000000    -3.167802960547427
21.500000000000000    -3.139589849055407
22.000000000000000    -3.139356083305998
22.500000000000000    -3.153486384666328
23.000000000000000    -3.173730937985555
23.500000000000000    -3.195015448361759
24.000000000000000    -3.214179666858902
24.500000000000000    -3.229240540180979
25.000000000000000    -3.238944371338909
