Frequencia(GHZ) Atenuacao(dB)
 4.000000000000000    -2.360102986565136
 4.500000000000000    -3.029710480992959
 5.000000000000000    -3.834759832845531
 5.500000000000000    -4.822807404639423
 6.000000000000000    -6.074845663588608
 6.500000000000000    -7.738528112259066
 7.000000000000000   -10.116949545881260
 7.500000000000000   -13.986854817435420
 8.000000000000000   -22.745575694329641
 8.500000000000000   -22.199129353131426
 9.000000000000000   -12.579616355292316
 9.500000000000000    -7.979525492165313
10.000000000000000    -5.112809759614671
10.500000000000000    -3.244813093094839
11.000000000000000    -2.057382916808278
11.500000000000000    -1.346156541642656
12.000000000000000    -0.958988275164654
12.500000000000000    -0.784026961145744
13.000000000000000    -0.743435324558429
13.500000000000000    -0.785507047661539
14.000000000000000    -0.876788547537649
