Frequencia(GHZ) Atenuacao(dB)
 8.000000000000000    -3.537244476459732
 8.500000000000000    -4.030188121237490
 9.000000000000000    -4.601510408978900
 9.500000000000000    -5.283187492716619
10.000000000000000    -6.127237794335718
10.500000000000000    -7.223330665092639
11.000000000000000    -8.740310448983696
11.500000000000000   -11.041507032354655
12.000000000000000   -15.131839663766959
12.500000000000000   -25.963013331932174
13.000000000000000   -17.920593815547644
13.500000000000000   -10.200745274909753
14.000000000000000    -6.167254313111353
14.500000000000000    -3.837294650969438
15.000000000000000    -2.556252476709762
15.500000000000000    -1.913878183115569
16.000000000000000    -1.638283419350496
16.500000000000000    -1.560690752404255
17.000000000000000    -1.585509110227022
17.500000000000000    -1.660677319073374
18.000000000000000    -1.758075087128548
