Frequencia(GHZ) Atenuacao(dB)
 1.000000000000000    -1.117717225698847
 1.250000000000000    -1.800931565660210
 1.500000000000000    -2.714446719068551
 1.750000000000000    -3.925735557324846
 2.000000000000000    -5.543008094864524
 2.250000000000000    -7.758593540273510
 2.500000000000000   -10.979626541942801
 2.750000000000000   -16.393278956584847
 3.000000000000000   -32.978105181385473
 3.250000000000000   -19.227415201956283
 3.500000000000000   -12.748000527622237
 3.750000000000000    -9.301448671458385
 4.000000000000000    -7.045002485268049
 4.250000000000000    -5.436539841774683
 4.500000000000000    -4.237300814867552
 4.750000000000000    -3.318767545489070
 5.000000000000000    -2.603193281828746
 5.250000000000000    -2.039505916560347
 5.500000000000000    -1.592450954575012
 5.750000000000000    -1.236708765926210
 6.000000000000000    -0.953642894658728
 6.250000000000000    -0.729216537281946
 6.500000000000000    -0.552726149960881
 6.750000000000000    -0.415894206834167
 7.000000000000000    -0.312366319059469
 7.250000000000000    -0.237155559543461
 7.500000000000000    -0.186547652142070
 7.750000000000000    -0.157859390882813
 8.000000000000000    -0.149427786130096
 8.250000000000000    -0.160920720579471
 8.500000000000000    -0.193956109510559
 8.750000000000000    -0.253769065464965
 9.000000000000000    -0.354083673751198
 9.250000000000000    -0.533111396495405
 9.500000000000000    -0.925041220928384
 9.750000000000000    -2.277386519057722
10.000000000000000    -8.878913980901617