Frequencia(GHZ) Atenuacao(dB)
 5.000000000000000    -2.287071444322324
 5.500000000000000    -3.268917349313111
 6.000000000000000    -5.001817221266696
 6.500000000000000    -8.816340758746906
 7.000000000000000   -25.428045994311624
 7.500000000000000    -8.235657179925097
 8.000000000000000    -2.753600500620502
 8.500000000000000    -0.980173638529172
 9.000000000000000    -0.444286329176029
 9.500000000000000    -0.338534232717878
10.000000000000000    -0.391290644984185
10.500000000000000    -0.506002484303314
11.000000000000000    -0.645787926393801
11.500000000000000    -0.797022792927967
12.000000000000000    -0.962076135154316
12.500000000000000    -1.367074999411775
13.000000000000000    -1.211394792241948
13.500000000000000    -1.380457649886244
14.000000000000000    -1.605399299916909
14.500000000000000    -2.463017144002553
15.000000000000000    -1.880821614588999
