Frequencia(GHZ) Atenuacao(dB)
 1.000000000000000    -0.645150411355521
 1.250000000000000    -0.964165391232111
 1.500000000000000    -1.328506825732601
 1.750000000000000    -1.729408294131615
 2.000000000000000    -2.159120263161804
 2.250000000000000    -2.611154446793612
 2.500000000000000    -3.080366322343139
 2.750000000000000    -3.562885040159664
 3.000000000000000    -4.056001463480364
 3.250000000000000    -4.558042224676687
 3.500000000000000    -5.068204247921258
 3.750000000000000    -5.586499722441593
 4.000000000000000    -6.113628562688632
 4.250000000000000    -6.650948480900223
 4.500000000000000    -7.200499206005549
 4.750000000000000    -7.764980445022534
 5.000000000000000    -8.347896361570925
 5.250000000000000    -8.953603775133562
 5.500000000000000    -9.587599247730061
 5.750000000000000   -10.256773201423393
 6.000000000000000   -10.969923544378643
 6.250000000000000   -11.738511261074233
 6.500000000000000   -12.577663629734603
 6.750000000000000   -13.507894693300541
 7.000000000000000   -14.558159882220258
 7.250000000000000   -15.771053971148699
 7.500000000000000   -17.212757889420793
 7.750000000000000   -18.994569028610378
 8.000000000000000   -21.325471932438305
 8.250000000000000   -24.672176954768538
 8.500000000000000   -30.477693513537297
 8.750000000000000   -42.053561795555019
 9.000000000000000   -29.097044089940947
 9.250000000000000   -23.164379140197575
 9.500000000000000   -19.430954681632986
 9.750000000000000   -16.642420136462260
10.000000000000000   -14.373489817087716