Frequencia(GHZ) Atenuacao(dB)
 1.000000000000000    -1.305003295848476
 1.250000000000000    -2.089190679131690
 1.500000000000000    -3.127800295579761
 1.750000000000000    -4.495958836066498
 2.000000000000000    -6.322074334859829
 2.250000000000000    -8.852868719053012
 2.500000000000000   -12.670739263522659
 2.750000000000000   -19.891029228105658
 3.000000000000000   -29.628502335373962
 3.250000000000000   -15.956697813022865
 3.500000000000000   -11.037511358747798
 3.750000000000000    -8.105969913502356
 4.000000000000000    -6.099081187205273
 4.250000000000000    -4.636942064784146
 4.500000000000000    -3.536503053982318
 4.750000000000000    -2.693470834302028
 5.000000000000000    -2.041934465986397
 5.250000000000000    -1.536982397305393
 5.500000000000000    -1.146550378474716
 5.750000000000000    -0.846921440386845
 6.000000000000000    -0.620164668820770
 6.250000000000000    -0.452482672625421
 6.500000000000000    -0.333159447914206
 6.750000000000000    -0.253817559750798
 7.000000000000000    -0.208000673198626
 7.250000000000000    -0.190722308610877
 7.500000000000000    -0.198431779127298
 7.750000000000000    -0.228953385605578
 8.000000000000000    -0.281781523225898
 8.250000000000000    -0.359106841922243
 8.500000000000000    -0.468318023875417
 8.750000000000000    -0.629818364002890
 9.000000000000000    -0.906584707128128
 9.250000000000000    -1.566806397228095
 9.500000000000000    -4.782680564814162
 9.750000000000000    -2.679831893540373
10.000000000000000    -0.698817972359177