Frequencia(GHZ) Atenuacao(dB)
 1.000000000000000    -1.075782745063219
 1.250000000000000    -1.594406399563487
 1.500000000000000    -2.175704083816241
 1.750000000000000    -2.804883745807271
 2.000000000000000    -3.471024675216837
 2.250000000000000    -4.166948337611077
 2.500000000000000    -4.888838156871600
 2.750000000000000    -5.635796648325552
 3.000000000000000    -6.409507741106014
 3.250000000000000    -7.214112608649416
 3.500000000000000    -8.056301359330206
 3.750000000000000    -8.945583476501753
 4.000000000000000    -9.895183544055458
 4.250000000000000   -10.923275718038578
 4.500000000000000   -12.055380058206778
 4.750000000000000   -13.328479965544028
 5.000000000000000   -14.798866523750419
 5.250000000000000   -16.558362259776406
 5.500000000000000   -18.771965003472296
 5.750000000000000   -21.784369182036830
 6.000000000000000   -26.536493798687072
 6.250000000000000   -37.977661100261422
 6.500000000000000   -31.783072592377177
 6.750000000000000   -23.921095531606401
 7.000000000000000   -19.672116365093419
 7.250000000000000   -16.683464789605946
 7.500000000000000   -14.332264612648624
 7.750000000000000   -12.361361358123299
 8.000000000000000   -10.640788702204192
 8.250000000000000    -9.097375768784232
 8.500000000000000    -7.687723196851412
 8.750000000000000    -6.386926119981762
 9.000000000000000    -5.183467046015447
 9.250000000000000    -4.076484760742673
 9.500000000000000    -3.075421597940405
 9.750000000000000    -2.198934234020110
10.000000000000000    -1.473798293231912