Frequencia(GHZ) Atenuacao(dB)
 6.000000000000000    -5.066050611563522
 6.500000000000000    -6.062789502356720
 7.000000000000000    -7.275579463498987
 7.500000000000000    -8.816396202599984
 8.000000000000000   -10.900145141620500
 8.500000000000000   -14.016897653247431
 9.000000000000000   -19.745690762707689
 9.500000000000000   -34.381435205629565
10.000000000000000   -17.627886221515972
10.500000000000000   -11.542630568201307
11.000000000000000    -7.859828352978505
11.500000000000000    -5.339123670700114
12.000000000000000    -3.590811498391238
12.500000000000000    -2.423797533993342
13.000000000000000    -1.696641745584681
13.500000000000000    -1.288154523074173
14.000000000000000    -1.098161936841102
14.500000000000000    -1.050158182850244
15.000000000000000    -1.090257146178147
15.500000000000000    -1.182322394172537
16.000000000000000    -1.302842716553885
