Frequencia(GHZ) Atenuacao(dB)
 8.000000000000000    -3.815737625423144
 8.500000000000000    -4.427843153161542
 9.000000000000000    -5.174677894332904
 9.500000000000000    -6.124951260980603
10.000000000000000    -7.402785493532075
10.500000000000000    -9.258048573532577
11.000000000000000   -12.295096043521086
11.500000000000000   -18.669701348961315
12.000000000000000   -24.774346128558626
12.500000000000000   -12.432518113567671
13.000000000000000    -7.194553627336245
13.500000000000000    -4.267214984845067
14.000000000000000    -2.645312642436093
14.500000000000000    -1.819331000394820
15.000000000000000    -1.451142207131649
15.500000000000000    -1.331240878233716
16.000000000000000    -1.340378174369481
16.500000000000000    -1.413905501377235
17.000000000000000    -1.517153550335130
17.500000000000000    -1.631565039863341
18.000000000000000    -1.747037494170428
