Frequencia(GHZ) Atenuacao(dB)
 1.000000000000000    -1.280610947586033
 1.250000000000000    -1.891583152858513
 1.500000000000000    -2.574262677884830
 1.750000000000000    -3.313156104200930
 2.000000000000000    -4.098433296225623
 2.250000000000000    -4.925582177701432
 2.500000000000000    -5.794967080294036
 2.750000000000000    -6.711547389698008
 3.000000000000000    -7.685051589551829
 3.250000000000000    -8.730788068528312
 3.500000000000000    -9.871472597241846
 3.750000000000000   -11.140659559784707
 4.000000000000000   -12.589492544386291
 4.250000000000000   -14.300394768681947
 4.500000000000000   -16.418317282569021
 4.750000000000000   -19.235324441124330
 5.000000000000000   -23.493711626207045
 5.250000000000000   -32.384222969569052
 5.500000000000000   -32.939144436597665
 5.750000000000000   -23.276752229345394
 6.000000000000000   -18.605153116078210
 6.250000000000000   -15.438124317071901
 6.500000000000000   -12.992694746828422
 6.750000000000000   -10.972948215600695
 7.000000000000000    -9.234314691616048
 7.250000000000000    -7.699369755546515
 7.500000000000000    -6.326005706490733
 7.750000000000000    -5.091862272189952
 8.000000000000000    -3.990185341239254
 8.250000000000000    -3.023371158397194
 8.500000000000000    -2.200542131814685
 8.750000000000000    -1.533456150148927
 9.000000000000000    -1.031933696894413
 9.250000000000000    -0.700548003000499
 9.500000000000000    -0.538049425203233
 9.750000000000000    -0.542289336572712
10.000000000000000    -0.727524389170084