Frequencia(GHZ) Atenuacao(dB)
10.000000000000000    -3.642969587929243
10.500000000000000    -4.012684371465032
11.000000000000000    -4.428122005225529
11.500000000000000    -4.906309137593960
12.000000000000000    -5.473241737507777
12.500000000000000    -6.170162317411172
13.000000000000000    -7.065926578420182
13.500000000000000    -8.283848727209625
14.000000000000000   -10.068511330720471
14.500000000000000   -12.993621494470167
15.000000000000000   -18.916238179721390
15.500000000000000   -24.686511775727041
16.000000000000000   -13.637311248859087
16.500000000000000    -8.537957184281492
17.000000000000000    -5.711781869336081
17.500000000000000    -4.127330236753800
18.000000000000000    -3.274519398343034
18.500000000000000    -2.840702730004414
19.000000000000000    -2.639209482870374
19.500000000000000    -2.564105299538965
20.000000000000000    -2.556674104512869
20.500000000000000    -2.584387650993423
21.000000000000000    -2.629014118811516
21.500000000000000    -2.680178288478443
22.000000000000000    -2.731888893907178
22.500000000000000    -2.780649937530361
23.000000000000000    -2.824417140086416
23.500000000000000    -2.862001092084942
24.000000000000000    -2.892731396514093
24.500000000000000    -2.916244380985053
25.000000000000000    -2.932366696599500
