Frequencia(GHZ) Atenuacao(dB)
 1.000000000000000    -1.102691700724519
 1.250000000000000    -1.668470313593923
 1.500000000000000    -2.331749948195233
 1.750000000000000    -3.087415163311416
 2.000000000000000    -3.934956417886447
 2.250000000000000    -4.879586883987166
 2.500000000000000    -5.933761622050948
 2.750000000000000    -7.119533894422339
 3.000000000000000    -8.473016628401764
 3.250000000000000   -10.053002211077359
 3.500000000000000   -11.959729017626907
 3.750000000000000   -14.379748991052370
 4.000000000000000   -17.720692735379416
 4.250000000000000   -23.191986362338497
 4.500000000000000   -39.622618658721507
 4.750000000000000   -25.372524014680153
 5.000000000000000   -18.752271211530235
 5.250000000000000   -15.002024600813535
 5.500000000000000   -12.366327342749605
 5.750000000000000   -10.328883528155741
 6.000000000000000    -8.668365312577945
 6.250000000000000    -7.270765635812928
 6.500000000000000    -6.070944479717702
 6.750000000000000    -5.029206450047902
 7.000000000000000    -4.120400557253626
 7.250000000000000    -3.328474373392958
 7.500000000000000    -2.642383191716934
 7.750000000000000    -2.054797026303499
 8.000000000000000    -1.559845749162079
 8.250000000000000    -1.152745538244438
 8.500000000000000    -0.828685247462070
 8.750000000000000    -0.583046496189282
 9.000000000000000    -0.410900094436001
 9.250000000000000    -0.307683117881197
 9.500000000000000    -0.269849584023544
 9.750000000000000    -0.296482575100064
10.000000000000000    -0.393029538094220