Frequencia(GHZ) Atenuacao(dB)
 1.000000000000000    -1.116411118222297
 1.250000000000000    -1.706440269502754
 1.500000000000000    -2.413267472445353
 1.750000000000000    -3.238740586740097
 2.000000000000000    -4.190883211945070
 2.250000000000000    -5.286423980619125
 2.500000000000000    -6.554848984566809
 2.750000000000000    -8.045767202562900
 3.000000000000000    -9.843941412232283
 3.250000000000000   -12.104738804158167
 3.500000000000000   -15.151717713365104
 3.750000000000000   -19.851603193527325
 4.000000000000000   -30.576175266752792
 4.250000000000000   -27.023455975250045
 4.500000000000000   -18.685144955197600
 4.750000000000000   -14.515176384420599
 5.000000000000000   -11.726500989457081
 5.250000000000000    -9.639295783734765
 5.500000000000000    -7.982013593428133
 5.750000000000000    -6.619528043923014
 6.000000000000000    -5.475663960100167
 6.250000000000000    -4.503594523460733
 6.500000000000000    -3.672829735915739
 6.750000000000000    -2.962355182046884
 7.000000000000000    -2.357060888796245
 7.250000000000000    -1.845498538564574
 7.500000000000000    -1.418444367881721
 7.750000000000000    -1.068001274012014
 8.000000000000000    -0.787218306903007
 8.250000000000000    -0.569799160001514
 8.500000000000000    -0.410071957766209
 8.750000000000000    -0.302947753887475
 9.000000000000000    -0.244283001623584
 9.250000000000000    -0.231230210073792
 9.500000000000000    -0.263218439385903
 9.750000000000000    -0.344115474502675
10.000000000000000    -0.488055841550940