Frequencia(GHZ) Atenuacao(dB)
 5.000000000000000    -4.018816507696507
 5.500000000000000    -5.201200418158504
 6.000000000000000    -6.803620405296166
 6.500000000000000    -9.140526392871065
 7.000000000000000   -13.025396274553229
 7.500000000000000   -22.129208276380457
 8.000000000000000   -20.502377045438593
 8.500000000000000   -11.251617630110887
 9.000000000000000    -6.848566478979851
 9.500000000000000    -4.195580989587153
10.000000000000000    -2.550474785575280
10.500000000000000    -1.563907149452813
11.000000000000000    -1.010543068909142
11.500000000000000    -0.734804049788039
12.000000000000000    -0.632334840764408
12.500000000000000    -0.635804452173896
13.000000000000000    -0.702761513910348
13.500000000000000    -0.806728949536713
14.000000000000000    -0.931161858041892
14.500000000000000    -1.065662311383893
15.000000000000000    -1.203667607722528
