Frequencia(GHZ) Atenuacao(dB)
 1.000000000000000    -0.537475894308337
 1.250000000000000    -0.820060532372682
 1.500000000000000    -1.157700783891539
 1.750000000000000    -1.548648443443196
 2.000000000000000    -1.991789853597904
 2.250000000000000    -2.486919265085680
 2.500000000000000    -3.035041478204269
 2.750000000000000    -3.638680800660199
 3.000000000000000    -4.302214317504651
 3.250000000000000    -5.032622057607330
 3.500000000000000    -5.839887592861401
 3.750000000000000    -6.738397837629853
 4.000000000000000    -7.748909407824189
 4.250000000000000    -8.901533274505345
 4.500000000000000   -10.241767237351754
 4.750000000000000   -11.841971480007508
 5.000000000000000   -13.826164345318611
 5.250000000000000   -16.434038859826448
 5.500000000000000   -20.230979524430548
 5.750000000000000   -27.208709638021354
 6.000000000000000   -36.371317092879345
 6.250000000000000   -23.243648756404184
 6.500000000000000   -18.038960964734979
 6.750000000000000   -14.761298168058838
 7.000000000000000   -12.360205031216362
 7.250000000000000   -10.464917230063106
 7.500000000000000    -8.902644625242958
 7.750000000000000    -7.579558529636301
 8.000000000000000    -6.439688860768011
 8.250000000000000    -5.447982136742717
 8.500000000000000    -4.580803389107921
 8.750000000000000    -3.820776125742854
 9.000000000000000    -3.157062493457732
 9.250000000000000    -2.580664974681770
 9.500000000000000    -2.084588727907502
 9.750000000000000    -1.662713650254836
10.000000000000000    -1.309405089228268