Frequencia(GHZ) Atenuacao(dB)
10.000000000000000    -3.680581416246271
10.500000000000000    -4.028181730412926
11.000000000000000    -4.410800277421139
11.500000000000000    -4.840396277198474
12.000000000000000    -5.334563337850035
12.500000000000000    -5.919963633631040
13.000000000000000    -6.638646232850761
13.500000000000000    -7.560247246023948
14.000000000000000    -8.808251638031932
14.500000000000000   -10.625264597401724
15.000000000000000   -13.574456667445434
15.500000000000000   -19.456588778473336
16.000000000000000   -25.776880561533844
16.500000000000000   -14.605411540247848
17.000000000000000    -9.425598262588038
17.500000000000000    -6.497579231342367
18.000000000000000    -4.793212007382605
18.500000000000000    -3.827882501739364
19.000000000000000    -3.302743605019105
19.500000000000000    -3.032219162564666
20.000000000000000    -2.906079697937294
20.500000000000000    -2.860748006539068
21.000000000000000    -2.859732913914217
21.500000000000000    -2.881954602561587
22.000000000000000    -2.915079268649394
22.500000000000000    -2.951780914973164
23.000000000000000    -2.987654498647180
23.500000000000000    -3.020024377426497
24.000000000000000    -3.047262137077350
24.500000000000000    -3.068378121167214
25.000000000000000    -3.082784349290832
