Frequencia(GHZ) Atenuacao(dB)
 5.000000000000000    -4.102217036554458
 5.500000000000000    -5.559217056130989
 6.000000000000000    -7.756758326935827
 6.500000000000000   -11.540888073763083
 7.000000000000000   -20.782050958397800
 7.500000000000000   -18.449415478919217
 8.000000000000000    -9.472240811757551
 8.500000000000000    -5.337308792320096
 9.000000000000000    -3.019262430419800
 9.500000000000000    -1.711855163355235
10.000000000000000    -1.007851477177555
10.500000000000000    -0.661731859319934
11.000000000000000    -0.525066317622391
11.500000000000000    -0.510163820290399
12.000000000000000    -0.565708335545185
12.500000000000000    -0.661521404096342
13.000000000000000    -0.779607198458486
13.500000000000000    -0.909063862413762
14.000000000000000    -1.043180271330093
14.500000000000000    -1.177777317124849
15.000000000000000    -1.310265434449124
