Frequencia(GHZ) Atenuacao(dB)
10.000000000000000    -3.452436435628544
10.500000000000000    -3.685921558439919
11.000000000000000    -3.921630076831763
11.500000000000000    -4.160684449176748
12.000000000000000    -4.404708138761230
12.500000000000000    -4.655862724373145
13.000000000000000    -4.917131285461896
13.500000000000000    -5.192496558172032
14.000000000000000    -5.487402926169782
14.500000000000000    -5.809323145157652
15.000000000000000    -6.168687524331362
15.500000000000000    -6.580346323045863
16.000000000000000    -7.065895714578465
16.500000000000000    -7.657907856903714
17.000000000000000    -8.406937289178414
17.500000000000000    -9.395357372774033
18.000000000000000   -10.765883585410892
18.500000000000000   -12.790494948557662
19.000000000000000   -16.080842979619973
19.500000000000000   -22.497703174269354
20.000000000000000   -26.580699757041714
20.500000000000000   -17.271557346082790
21.000000000000000   -12.709943394920131
21.500000000000000   -10.040665070770883
22.000000000000000    -8.353702894000705
22.500000000000000    -7.250385072654692
23.000000000000000    -6.510845993565245
23.500000000000000    -6.002554780987668
24.000000000000000    -5.642963116351426
24.500000000000000    -5.379876310348332
25.000000000000000    -5.179881923571233
