Frequencia(GHZ) Atenuacao(dB)
10.000000000000000    -3.644559313662059
10.500000000000000    -3.951013732849501
11.000000000000000    -4.277830571847329
11.500000000000000    -4.631301194489630
12.000000000000000    -5.020217080693387
12.500000000000000    -5.457151662678509
13.000000000000000    -5.960472482079202
13.500000000000000    -6.557790361131721
14.000000000000000    -7.292348914107169
14.500000000000000    -8.234973685407821
15.000000000000000    -9.510219922389180
15.500000000000000   -11.359538895542721
16.000000000000000   -14.335565896256490
16.500000000000000   -20.165889163198102
17.000000000000000   -26.892079282118516
17.500000000000000   -15.838102436364293
18.000000000000000   -10.640673180034428
18.500000000000000    -7.660675852411957
19.000000000000000    -5.863993707864980
19.500000000000000    -4.788645293745446
20.000000000000000    -4.157006434499404
20.500000000000000    -3.793524743667150
21.000000000000000    -3.589819740109133
21.500000000000000    -3.480437765773624
22.000000000000000    -3.426213570941311
22.500000000000000    -3.403532435570162
23.000000000000000    -3.398029981137184
23.500000000000000    -3.400817418856577
24.000000000000000    -3.406323752584152
24.500000000000000    -3.411007164628095
25.000000000000000    -3.412587049394911
