Frequencia(GHZ) Atenuacao(dB)
 1.000000000000000    -0.650583941513086
 1.250000000000000    -0.975694559987771
 1.500000000000000    -1.349901015626056
 1.750000000000000    -1.765388286466797
 2.000000000000000    -2.215303541848142
 2.250000000000000    -2.694018865125565
 2.500000000000000    -3.197254564769850
 2.750000000000000    -3.722062658255647
 3.000000000000000    -4.266782649060011
 3.250000000000000    -4.830963080777016
 3.500000000000000    -5.415322667582685
 3.750000000000000    -6.021747210185264
 4.000000000000000    -6.653318779706771
 4.250000000000000    -7.314459979379497
 4.500000000000000    -8.011192163429566
 4.750000000000000    -8.751484359028126
 5.000000000000000    -9.545967517540760
 5.250000000000000   -10.408738765170803
 5.500000000000000   -11.359137429040874
 5.750000000000000   -12.424235150104531
 6.000000000000000   -13.643608813468742
 6.250000000000000   -15.078249502675705
 6.500000000000000   -16.828924219820976
 6.750000000000000   -19.080404365238959
 7.000000000000000   -22.230783071844712
 7.250000000000000   -27.428072887363921
 7.500000000000000   -40.407036570015393
 7.750000000000000   -29.276357180237522
 8.000000000000000   -22.569395572576482
 8.250000000000000   -18.624059841458678
 8.500000000000000   -15.771584062075416
 8.750000000000000   -13.502979729845631
 9.000000000000000   -11.598639350453759
 9.250000000000000    -9.945320460622430
 9.500000000000000    -8.479735949813456
 9.750000000000000    -7.165198446766952
10.000000000000000    -5.981043383240145
