Frequencia(GHZ) Atenuacao(dB)
 1.000000000000000    -0.538713688592330
 1.250000000000000    -0.828460124182072
 1.500000000000000    -1.180803317464599
 1.750000000000000    -1.597251062645714
 2.000000000000000    -2.080458721462963
 2.250000000000000    -2.634633791656035
 2.500000000000000    -3.266109949568900
 2.750000000000000    -3.984129092385480
 3.000000000000000    -4.801958696024123
 3.250000000000000    -5.738704431289170
 3.500000000000000    -6.822193164018830
 3.750000000000000    -8.094285581431944
 4.000000000000000    -9.620970173199735
 4.250000000000000   -11.513938066694248
 4.500000000000000   -13.983902557013193
 4.750000000000000   -17.505464407813424
 5.000000000000000   -23.595876066535261
 5.250000000000000   -39.718731118266312
 5.500000000000000   -22.844902947803593
 5.750000000000000   -17.049998686390012
 6.000000000000000   -13.602646608687278
 6.250000000000000   -11.156616385958770
 6.500000000000000    -9.273903752329273
 6.750000000000000    -7.757574374893542
 7.000000000000000    -6.502552983558099
 7.250000000000000    -5.446099586265069
 7.500000000000000    -4.547908786136456
 7.750000000000000    -3.780416622703115
 8.000000000000000    -3.123625803859001
 8.250000000000000    -2.562505047780784
 8.500000000000000    -2.085096285482177
 8.750000000000000    -1.681515230322497
 9.000000000000000    -1.343524280644443
 9.250000000000000    -1.063613239897193
 9.500000000000000    -0.835626061104026
 9.750000000000000    -0.653656198002786
10.000000000000000    -0.512530074207912