Frequencia(GHZ) Atenuacao(dB)
 1.000000000000000    -1.036896210247168
 1.250000000000000    -1.721934427327426
 1.500000000000000    -2.697374925145548
 1.750000000000000    -4.090862770415699
 2.000000000000000    -6.124009782355596
 2.250000000000000    -9.250030045565771
 2.500000000000000   -14.776905918634679
 2.750000000000000   -33.762527224137152
 3.000000000000000   -16.612401790413696
 3.250000000000000   -10.562853808894678
 3.500000000000000    -7.381319847825428
 3.750000000000000    -5.365481097219096
 4.000000000000000    -3.985328334489256
 4.250000000000000    -2.998991532404466
 4.500000000000000    -2.274402880138685
 4.750000000000000    -1.731852058750079
 5.000000000000000    -1.320033880469097
 5.250000000000000    -1.004611814568481
 5.500000000000000    -0.761861140232460
 5.750000000000000    -0.574967164490629
 6.000000000000000    -0.431831055060757
 6.250000000000000    -0.323566291803036
 6.500000000000000    -0.243627230037432
 6.750000000000000    -0.187144113505871
 7.000000000000000    -0.150589353728384
 7.250000000000000    -0.131529486400086
 7.500000000000000    -0.128510645339873
 7.750000000000000    -0.141322747638422
 8.000000000000000    -0.171435443894954
 8.250000000000000    -0.223628733859564
 8.500000000000000    -0.310334578607839
 8.750000000000000    -0.466695492127045
 9.000000000000000    -0.820440186694678
 9.250000000000000                   nan
 9.500000000000000                   nan
 9.750000000000000                   nan
10.000000000000000                   nan